$ 1 0.000005 10.20027730826997 58 5 50 5e-11
v -976 -64 -976 -128 0 0 40 12 0 0 0.5
g -928 16 -928 32 0 0
v -976 -16 -976 -64 0 0 40 12 0 0 0.5
w -976 -64 -928 -64 0
w -928 16 -928 -64 0
207 -976 -16 -976 32 4 -12V
207 -976 -128 -976 -176 4 \p12V
207 -1088 -128 -1088 -176 4 \p5V
207 -1088 -16 -1088 32 4 -5V
w -1040 16 -1040 -64 0
w -1088 -64 -1040 -64 0
v -1088 -16 -1088 -64 0 0 40 5 0 0 0.5
g -1040 16 -1040 32 0 0
v -1088 -64 -1088 -128 0 0 40 5 0 0 0.5
w -416 64 -464 64 0
S -528 16 -496 16 0 1 false 0 2
S -592 16 -560 16 0 1 false 0 2
w -496 0 -432 0 0
w -560 64 -560 32 0
w -496 64 -560 64 0
w -464 64 -496 64 0
w -336 64 -416 64 0
w -496 32 -496 64 0
r -592 -96 -528 -96 0 1000
r -592 -96 -592 16 0 2000
w -336 64 -336 -32 0
w -256 80 -256 -32 0
r -528 -96 -528 16 0 2000
r -496 -96 -432 -96 0 2000
w -560 0 -496 0 0
w -720 -96 -720 -128 0
409 -336 80 -256 80 1 0.6 -6.285094599783212 0.023100000000000002 0
r -256 -32 -336 -32 0 1000
g -336 96 -336 144 0 0
g -256 176 -256 208 0 0
p -256 176 -256 80 1 0 0 0
207 -304 112 -304 160 4 -12V
207 -720 -128 -720 -176 4 \p5V
g -432 0 -432 32 0 0
207 -304 48 -304 0 4 \p12V
w -528 -96 -496 -96 0
w -432 -96 -432 0 0
r -656 -96 -656 16 0 2000
r -656 -96 -592 -96 0 1000
w -624 64 -624 32 0
S -656 16 -624 16 0 1 false 0 2
w -624 64 -560 64 0
w -688 64 -624 64 0
S -720 16 -688 16 0 1 false 0 2
w -688 64 -688 32 0
r -720 -96 -656 -96 0 1000
r -720 -96 -720 16 0 2000
w -560 0 -624 0 0
w -624 0 -688 0 0
o 35 64 0 4098 20 0.1 0 1
