3.5389434820637318
3.537463283540882
3.5391079485682297
3.5400947476034506
3.5414104796723658
3.5437130108533705
3.5443708769192117
3.5437130108533705
3.544535343436653
3.5470023412453897
3.548975939556009
3.5557190675444876
3.564435794949624
3.574468256165807
3.5848296520826364
3.59502658293567
3.6052235153187575
3.6162427826835994
3.6266041849794357
3.6384457895547135
3.6494650623543112
3.662129004975916
3.6756152841767156
3.690581767955999
3.7040680529396712
3.7190345431609693
3.734494437737528
3.747651797699628
3.763769567271064
3.783834551307802
3.810971629800464
3.842055933818782
3.874455991733699
3.9088296754214333
3.945670390868156
3.9839913368633932
4.022805709974623
4.063922657664623
4.105697505271458
4.150926211875748
4.200266658655411
4.252403109479782
4.308322383667335
4.370820461125548
4.4407197093188575
4.514895243698949
4.576571208607032
4.616537271737054
4.6423589828276794
4.661272983036423
4.677391005973073
4.693015624775796
4.703048277206764
4.7092981272379735
4.713080931568678
4.713409871088693
4.713409871088693
4.713080931568678
4.712258582777739
4.712423052534887
4.7106138852348565
4.710120475982127
4.708969187743949
4.707817899531229
4.708640248252003
4.709462596985764
4.708804717997715
4.708969187743949
4.707982369274346
4.706502141605003
4.707324490304999
4.705021913977725
4.70617320212864
4.705679792917989
4.705515323182145
4.704364035045766
4.705679792917989
4.704199565314074
4.703706156122114
4.702883807479225
4.701896989124881
4.700910170789216
4.701896989124881
4.700581231348143
4.700910170789216
4.700745701068421
4.700416761628385
4.700416761628385
4.700745701068421
4.69975888275454
4.6995944130373735
4.69910100388899
4.6989365341739
4.698443125031738
4.699429943320728
4.69827865531872
4.69778524618278
4.697620776471836
4.6963050188029465
4.695976079390906
4.695976079390906
4.694989261167222
4.69383797326316
4.693015624775796
4.691535397531166
4.689068352216623
4.690219640015585
4.688246003804315
4.6867657766947515
4.684792140613825
4.681667216971252
4.680515929360478
4.678871232817557
4.676239718456267
4.67327926495771
4.670154342001604
4.666371540777323
4.662753209426383
4.65749018245134
4.652720564709822
4.644826025948352
4.629694829954851
4.608313799507367
4.584136798507897
4.555848076520916
4.526079146772291
4.494172135267939
4.45897576278862
4.424272819474516
4.387925210220732
4.352893373926745
4.317039216640461
4.280033802835535
4.24187713455068
4.204378364432335
4.167044086593418
4.130532172625895
4.094184749084277
4.054054587669165
4.017871678125139
3.9805375167193215
3.9458348583967617
3.914092633438309
3.8828438266902556
3.853404175570173
3.8252802758039537
3.7999523298814673
3.7785716040737034
3.7608091603157425
3.743869056439099
3.7284091596501026
3.714758402750558
3.7029167846018898
3.6920619698320434
3.6830162922170877
3.673312748510031
3.6642670734476437
3.653905665338133
3.6433797920769404
3.6328539204677166
3.6216701836877223
3.6114732488277936
3.603249915383064
3.5943687163828963
3.5863098516278256
3.5795667206267017
3.571507857621157
3.5654225943483198
3.5575281995563963
3.5507850713904583
3.5476602073426426
3.5440419438855058
3.5425617452532565
3.542890678279899
3.5425617452532565
3.5432196113081105
3.5433840778228047
3.543055144793808
3.5409170801435814
3.5397658145901425
3.538779015559626
3.537463283540882
3.5379566830449725
3.537792216543217
3.5397658145901425
3.540259214110693
3.5405881471263534
3.5404236806183267
3.5397658145901425
3.537792216543217
3.5371343505401143
3.5361475515472116
3.5364764845432797
3.538121149547119
3.537792216543217
3.538121149547119
3.5392724150731203
3.538121149547119
3.537463283540882
3.537463283540882
3.534502886590367
3.534502886590367
3.534831819578604
3.5353252190638953
3.5354896855597753
3.537627750041854
3.537298817040303
3.537463283540882
3.537298817040303
3.5354896855597753
3.5338450206185907
3.5340094871109478
3.5335160876350504
3.5338450206185907
3.5353252190638953
3.5354896855597753
3.535654152056047
3.5364764845432797
3.534338420096836
3.532693755183048
3.5315424897666765
3.53121355679409
3.5315424897666765
3.532200355716542
3.533187154653076
3.5338450206185907
3.534338420096836
3.5341739536036965
3.5335160876350504
3.531871422740827
3.5303912243694686
3.530226757885718
3.5300622914023574
3.529897824919388
3.5315424897666765
3.533022688162675
3.532364822204986
3.532858221672666
3.5307201573381444
3.52973335843681
3.5292399589914196
3.5285820930697054
3.528417626590253
3.5290754925104046
3.531049090308384
3.5315424897666765
3.532693755183048
3.53121355679409
3.530226757885718
3.5294044254728254
3.527924227154243
3.5271018947687067
3.5285820930697054
3.527759760676355
3.5305556908536113
3.5305556908536113
3.53121355679409
3.5308846238230687
3.530226757885718
3.528088693632523
3.527924227154243
3.527924227154243
3.527430827721749
3.5287465595495475
3.529897824919388
3.529897824919388
3.5308846238230687
3.531871422740827
3.529897824919388
3.5292399589914196
3.527430827721749
3.527266361245033
3.528253160111193
3.5285820930697054
3.530226757885718
3.531049090308384
3.5308846238230687
3.5307201573381444
3.5307201573381444
3.5295688919546224
3.528253160111193
3.528417626590253
3.528088693632523
3.5290754925104046
3.5300622914023574
3.5303912243694686
3.5315424897666765
3.5315424897666765
3.52973335843681
3.5295688919546224
3.528088693632523
3.527759760676355
3.527266361245033
3.528088693632523
3.5294044254728254
3.5305556908536113
3.53121355679409
3.5308846238230687
3.529897824919388
3.528911026029781
3.528088693632523
3.5275952941988566
3.5285820930697054
3.5292399589914196
3.529897824919388
3.530226757885718
3.5313780232801877
3.5307201573381444
3.5294044254728254
3.5287465595495475
3.527759760676355
3.5261150959189536
3.527430827721749
3.528253160111193
3.5285820930697054
3.531049090308384
3.5307201573381444
3.5300622914023574
3.52973335843681
3.5287465595495475
3.527266361245033
3.5269374282927717
3.5269374282927717
3.5275952941988566
3.5285820930697054
3.529897824919388
3.5307201573381444
3.5313780232801877
3.52973335843681
3.5275952941988566
3.5267729618172265
3.527430827721749
3.5271018947687067
3.5285820930697054
3.528253160111193
3.5300622914023574
3.53121355679409
3.5305556908536113
3.529897824919388
3.528088693632523
3.526444028867309
3.5269374282927717
3.527266361245033
3.5285820930697054
3.5295688919546224
3.52973335843681
3.5303912243694686
3.53121355679409
3.5300622914023574
3.528911026029781
3.5275952941988566
3.526279562392936
3.527266361245033
3.528417626590253
3.528417626590253
3.5303912243694686
3.5307201573381444
3.5295688919546224
3.529897824919388
3.527924227154243
3.5269374282927717
3.5266084953420727
3.527266361245033
3.5275952941988566
3.5292399589914196
3.5295688919546224
3.5300622914023574
3.529897824919388
3.5300622914023574
3.527924227154243
3.5267729618172265
3.52578616297216
3.5267729618172265
3.5275952941988566
3.5287465595495475
3.5292399589914196
3.5305556908536113
3.52973335843681
3.5287465595495475
3.527430827721749
3.5271018947687067
3.52578616297216
3.5269374282927717
3.5275952941988566
3.528911026029781
3.5295688919546224
3.530226757885718
3.5305556908536113
3.5285820930697054
3.5275952941988566
3.526444028867309
3.525950629445361
3.527924227154243
3.527924227154243
3.5295688919546224
3.530226757885718
3.5307201573381444
3.5307201573381444
3.530226757885718
3.5275952941988566
3.527924227154243
3.527430827721749
3.528253160111193
3.5290754925104046
3.53121355679409
3.5313780232801877
3.531871422740827
3.5325292886938215
3.532200355716542
3.530226757885718
3.5307201573381444
3.5292399589914196
3.5294044254728254
3.5317069562535557
3.5320358892284887
3.5333516211438676
3.5338450206185907
3.53466735308429
3.533022688162675
3.532200355716542
3.53121355679409
3.531049090308384
3.5313780232801877
3.532858221672666
3.5338450206185907
3.535160752568407
3.5353252190638953
3.5359830850497653
3.535160752568407
3.534502886590367
3.533187154653076
3.5338450206185907
3.5349962860733095
3.535160752568407
3.5368054175409136
3.537627750041854
3.538121149547119
3.538121149547119
3.537298817040303
3.536969884040318
3.5359830850497653
3.5358186185527107
3.5364764845432797
3.5371343505401143
3.5392724150731203
3.5404236806183267
3.54190387920468
3.5412460131623793
3.5404236806183267
3.5389434820637318
3.5394368815784025
3.538450082552589
3.5400947476034506
3.5412460131623793
3.542890678279899
3.544206410402163
3.545851075590318
3.547989140393627
3.5511140044563785
3.5557190675444876
3.5604885974968954
3.569205325508354
3.5795667206267017
3.5897636506917037
3.6009473821973583
3.6129534489539346
3.6256173846922017
3.6363077219076865
3.647984861425165
3.658510735410574
3.6696944783376555
3.6808782231429307
3.6930487711011266
3.7050548543880426
3.7187056092733717
3.730876164212011
3.743375655421278
3.755546214950227
3.768210177957071
3.784985821072385
3.8070244176719177
3.8325168336222255
3.86096967119811
3.890738260610852
3.9206713315827773
3.9529069625398123
3.989254301266035
4.0302067584994505
4.075270940158796
4.121486431659218
4.168030895393091
4.217700293145205
4.267040796564962
4.320986462200785
4.380853053710505
4.450094438722872
4.51653993518271
4.569005619775026
4.6009126755878365
4.62278711148337
4.640549817945784
4.6568323041164765
4.674430552409511
4.689232821900637
4.700252291909146
4.706995550823443
4.710449415483426
4.711436233999799
4.712916461809449
4.7112717642457715
4.710778354986806
4.710449415483426
4.709791536482906
4.7091336574907015
4.709791536482906
4.7092981272379735
4.709462596985764
4.708804717997715
4.708311308762135
4.708146839017981
4.709627066734075
4.708475778506809
4.708475778506809
4.708804717997715
4.708640248252003
4.708475778506809
4.708804717997715
4.707982369274346
4.707817899531229
4.707488960046557
4.706502141605003
4.707488960046557
4.70617320212864
4.70617320212864
4.70617320212864
4.705350853446819
4.705186383712012
4.705844262654354
4.704364035045766
4.703377216663401
4.703212746934823
4.701896989124881
4.701896989124881
4.703048277206764
4.702225928574253
4.701896989124881
4.702061458849308
4.701239110232362
4.700745701068421
4.701568049677585
4.700252291909146
4.700087822190425
4.69975888275454
4.6992654736046
4.698607594745273
4.6995944130373735
4.698443125031738
4.697949715894242
4.697620776471836
4.6963050188029465
4.695647139980939
4.695976079390906
4.694331382361792
4.692851155079878
4.6921932763013805
4.690055170328467
4.688903882533126
4.6880815341234054
4.685285549627076
4.682818504607337
4.6803514597038625
4.677884414916589
4.6752529006048436
4.671799038271093
4.66850964578365
4.66505578389361
4.660944043844313
4.656996773699422
4.652556095140232
4.64515496503982
4.633477628547259
4.616043863367377
4.594004960857369
4.569334558397694
4.543841821110059
4.512921613984224
4.47887651267095
4.441213116089851
4.402233994738853
4.362432557228313
4.323946896551413
4.2833231719793305
4.242041602894173
4.200266658655411
4.159314084902502
4.120499623637168
4.083823270411736
4.048627149859552
4.0140889206446175
3.9797151786183935
3.946492728515549
3.916066242808878
3.8876133803988444
3.861792007733826
3.837121916297461
3.813767571871763
3.791728972962919
3.774130992677944
3.7581776875797575
3.7440335234458675
3.7305472302650577
3.72002134483364
3.708179725738622
3.6976538438848015
3.687127963707206
3.6761086846870925
3.6664051419879153
3.655221399612171
3.644366592624928
3.6335117873949843
3.621999117095938
3.6131179156366167
3.603249915383064
3.5956844494948124
3.5889413175653644
3.581375853268871
3.57430378957663
3.5680540594810037
3.559501798169207
3.5539099355802226
3.5481536069197084
3.5443708769192117
3.5437130108533705
3.542890678279899
3.5433840778228047
3.5437130108533705
3.543548544337891
3.5417394126935164
3.5404236806183267
3.5392724150731203
3.538285616049658
3.5379566830449725
3.5379566830449725
3.538450082552589
3.5397658145901425
3.5392724150731203
3.5404236806183267
3.540259214110693
3.5389434820637318
3.538121149547119
3.5368054175409136
3.5358186185527107
3.5361475515472116
3.5363120180450496
3.536969884040318
3.5391079485682297
3.538450082552589
3.538121149547119
3.537298817040303
3.535160752568407
3.5341739536036965
3.5340094871109478
3.5340094871109478
3.5364764845432797
3.5366409510419006
3.537298817040303
3.538285616049658
3.537627750041854
3.5358186185527107
3.534502886590367
3.5335160876350504
3.532858221672666
3.5340094871109478
3.533680554126625
3.535160752568407
3.5358186185527107
3.5358186185527107
3.5358186185527107
3.5340094871109478
3.532693755183048
3.532200355716542
3.53121355679409
3.5313780232801877
3.5320358892284887
3.532364822204986
3.534338420096836
3.5341739536036965
3.533187154653076
3.532693755183048
3.5305556908536113
3.530226757885718
3.529897824919388
3.5295688919546224
3.5308846238230687
3.5313780232801877
3.5317069562535557
3.532858221672666
3.532200355716542
3.5308846238230687
3.5307201573381444
3.528253160111193
3.5295688919546224
3.5294044254728254
3.5295688919546224
3.53121355679409
3.532200355716542
3.531049090308384
3.531871422740827
3.529897824919388
3.5292399589914196
3.527924227154243
3.5269374282927717
3.527759760676355
3.528911026029781
3.5295688919546224
3.5305556908536113
3.530226757885718
3.52973335843681
3.5294044254728254
3.528253160111193
3.528088693632523
3.527924227154243
3.528417626590253
3.5285820930697054
3.5294044254728254
3.5300622914023574
3.530226757885718
3.5308846238230687
3.528911026029781
3.5285820930697054
3.5266084953420727
3.5267729618172265
3.528253160111193
3.5287465595495475
3.529897824919388
3.5308846238230687
3.5305556908536113
3.531049090308384
3.5295688919546224
3.528417626590253
3.5271018947687067
3.526279562392936
3.5271018947687067
3.528088693632523
3.52973335843681
3.5305556908536113
3.530226757885718
3.5300622914023574
3.5300622914023574
3.527266361245033
3.526279562392936
3.5269374282927717
3.5271018947687067
3.5275952941988566
3.5294044254728254
3.5300622914023574
3.530226757885718
3.53121355679409
3.529897824919388
3.5275952941988566
3.527759760676355
3.5269374282927717
3.527759760676355
3.528088693632523
3.52973335843681
3.5295688919546224
3.5305556908536113
3.5305556908536113
3.5292399589914196
3.527924227154243
3.527266361245033
3.526444028867309
3.5266084953420727
3.527759760676355
3.528417626590253
3.5294044254728254
3.5305556908536113
3.5294044254728254
3.5285820930697054
3.5275952941988566
3.525950629445361
3.525950629445361
3.527759760676355
3.528088693632523
3.5285820930697054
3.5305556908536113
3.5303912243694686
3.530226757885718
3.5285820930697054
3.527924227154243
3.5266084953420727
3.5269374282927717
3.5275952941988566
3.5285820930697054
3.5292399589914196
3.5303912243694686
3.5300622914023574
3.529897824919388
3.528911026029781
3.5275952941988566
3.5267729618172265
3.5269374282927717
3.5261150959189536
3.527266361245033
3.5285820930697054
3.5295688919546224
3.530226757885718
3.5295688919546224
3.528253160111193
3.527924227154243
3.5267729618172265
3.526279562392936
3.527266361245033
3.5275952941988566
3.528253160111193
3.530226757885718
3.52973335843681
3.5285820930697054
3.527924227154243
3.528088693632523
3.5261150959189536
3.5266084953420727
3.5271018947687067
3.527759760676355
3.5292399589914196
3.529897824919388
3.5303912243694686
3.5295688919546224
3.528911026029781
3.5275952941988566
3.52578616297216
3.525950629445361
3.5254572300269285
3.5271018947687067
3.527266361245033
3.5285820930697054
3.5294044254728254
3.52973335843681
3.5275952941988566
3.5269374282927717
3.525950629445361
3.525950629445361
3.526444028867309
3.528088693632523
3.5292399589914196
3.529897824919388
3.5290754925104046
3.5290754925104046
3.527924227154243
3.527430827721749
3.525950629445361
3.525950629445361
3.526444028867309
3.527759760676355
3.528911026029781
3.52973335843681
3.52973335843681
3.5290754925104046
3.527924227154243
3.526279562392936
3.52578616297216
3.5261150959189536
3.525621696499349
3.5271018947687067
3.527924227154243
3.528911026029781
3.52973335843681
3.529897824919388
3.527266361245033
3.527430827721749
3.52578616297216
3.5266084953420727
3.5266084953420727
3.527924227154243
3.528253160111193
3.5303912243694686
3.529897824919388
3.5294044254728254
3.528253160111193
3.527924227154243
3.5267729618172265
3.5271018947687067
3.527924227154243
3.5285820930697054
3.5294044254728254
3.5303912243694686
3.5315424897666765
3.531871422740827
3.53121355679409
3.52973335843681
3.528911026029781
3.528417626590253
3.5292399589914196
3.529897824919388
3.53121355679409
3.5317069562535557
3.532364822204986
3.5335160876350504
3.5313780232801877
3.5300622914023574
3.5300622914023574
3.5300622914023574
3.5315424897666765
3.5325292886938215
3.5335160876350504
3.534502886590367
3.534831819578604
3.534338420096836
3.5335160876350504
3.533680554126625
3.532200355716542
3.531871422740827
3.532693755183048
3.5341739536036965
3.5353252190638953
3.5366409510419006
3.536969884040318
3.537298817040303
3.5363120180450496
3.5353252190638953
3.534831819578604
3.534502886590367
3.534502886590367
3.5371343505401143
3.538285616049658
3.5391079485682297
3.5394368815784025
3.5389434820637318
3.538121149547119
3.5379566830449725
3.5368054175409136
3.5371343505401143
3.538121149547119
3.5386145490559113
3.5404236806183267
3.542397278740524
3.5425617452532565
3.54190387920468
3.5417394126935164
3.5409170801435814
3.5412460131623793
3.5433840778228047
3.548318073446182
3.555061201370153
3.5627911293167056
3.5700276583968886
3.5785799210239158
3.5871321847223827
3.5946976496584875
3.60308544872435
3.6126245155897707
3.622985917330209
3.6331828539305464
3.646011260237183
3.6578528682379394
3.6700234119815627
3.6825228916554
3.6930487711011266
3.702423383891845
3.7137716011568633
3.7247908864605432
3.7363035745752806
3.749132000861277
3.762782764937637
3.7782426698857923
3.7984721255586305
3.823471136477451
3.851759502726982
3.8808702183647825
3.910474349754129
3.94024296266881
3.9713273306168673
4.000931505147952
4.034482920280461
4.069679032575183
4.107506652874292
4.147472382152814
4.188753884022174
4.231515629854561
4.276086560112596
4.326907331056773
4.385787116297637
4.455192976437127
4.519664849139229
4.567525395997983
4.598445634509911
4.619662191518187
4.637918305500909
4.65600995620946
4.6731147953238015
4.6880815341234054
4.69910100388899
4.705679792917989
4.708969187743949
4.711436233999799
4.7112717642457715
4.710778354986806
4.7106138852348565
4.7091336574907015
4.708804717997715
4.708804717997715
4.707817899531229
4.707653429788634
4.707653429788634
4.707160020563961
4.707653429788634
4.707653429788634
4.707653429788634
4.707160020563961
4.706995550823443
4.706008732391237
4.706502141605003
4.706008732391237
4.705515323182145
4.705844262654354
4.704857444243957
4.704857444243957
4.704857444243957
4.704035095582902
4.703048277206764
4.702719337752203
4.701239110232362
4.701239110232362
4.702390398299717
4.701568049677585
4.700910170789216
4.700745701068421
4.6995944130373735
4.700581231348143
4.700252291909146
4.699923352472222
4.699429943320728
4.69910100388899
4.6989365341739
4.700087822190425
4.6995944130373735
4.698607594745273
4.698114185606221
4.697127367342116
4.697127367342116
4.6972918370515035
4.695811609685663
4.695482670276733
4.695153730869873
4.69383797326316
4.69383797326316
4.693673503564651
4.692686685384477
4.691206458149165
4.690055170328467
4.688739412850148
4.6880815341234054
4.685450019299195
4.684792140613825
4.68364085293433
4.681502747311019
4.67854229351517
4.677555475620395
4.674595022047546
4.671470099013072
4.6681807065462415
4.664397905464108
4.660944043844313
4.657325712866853
4.652227156002594
4.644497086858933
4.630681646952891
4.610780841042665
4.586110430831951
4.556341484334806
4.523941047476887
4.49104722277615
4.45749554201138
4.424272819474516
4.392201398312628
4.358978714811452
4.326084988123091
4.291053190212457
4.256350350574012
4.2214830635835305
4.187109202116983
4.152241956585303
4.117868135658504
4.081849655629744
4.047311407433671
4.015733597781204
3.9834979339737795
3.9535648327337176
3.9234672785041735
3.894027608370259
3.8652458213004675
3.8390955232601214
3.8147543749848585
3.79370257852764
3.7765979989713165
3.7608091603157425
3.747651797699628
3.7338365698089264
3.721501547370435
3.7103177956954236
3.6988051121308363
3.6894304998530614
3.681700557394072
3.673312748510031
3.664760473873929
3.657688401445793
3.648478261731246
3.640254923770748
3.6313737199048886
3.6216701836877223
3.6131179156366167
3.6060458486422586
3.5976580492104624
3.5914083169741944
3.5845007188547386
3.5790733208235253
3.5723301905373694
3.5659159940529963
3.558186065754362
3.5529231363470597
3.5474957408177406
3.5443708769192117
3.5433840778228047
3.542397278740524
3.5422328122281836
3.5433840778228047
3.5420683457162356
3.5417394126935164
3.5404236806183267
3.538121149547119
3.5368054175409136
3.5379566830449725
3.538450082552589
3.538450082552589
3.5405881471263534
3.5396013480840764
3.5400947476034506
3.5389434820637318
3.537792216543217
3.5371343505401143
3.5358186185527107
3.5349962860733095
3.5371343505401143
3.5368054175409136
3.537627750041854
3.5386145490559113
3.538121149547119
3.537298817040303
3.536969884040318
3.534831819578604
3.5338450206185907
3.5338450206185907
3.5340094871109478
3.5359830850497653
3.5368054175409136
3.536969884040318
3.5371343505401143
3.5371343505401143
3.535654152056047
3.534831819578604
3.5340094871109478
3.533022688162675
3.534338420096836
3.5338450206185907
3.535160752568407
3.5366409510419006
3.5361475515472116
3.5349962860733095
3.534502886590367
3.532693755183048
3.5320358892284887
3.532364822204986
3.532200355716542
3.5320358892284887
3.534338420096836
3.5338450206185907
3.535160752568407
3.533680554126625
3.5320358892284887
3.5308846238230687
3.5295688919546224
3.5290754925104046
3.5303912243694686
3.53121355679409
3.5317069562535557
3.5325292886938215
3.5320358892284887
3.53121355679409
3.5305556908536113
3.5290754925104046
3.528417626590253
3.528911026029781
3.528911026029781
3.5285820930697054
3.5307201573381444
3.531049090308384
3.5308846238230687
3.53121355679409
3.52973335843681
3.528253160111193
3.527924227154243
3.5271018947687067
3.5275952941988566
3.5290754925104046
3.529897824919388
3.5300622914023574
3.5307201573381444
3.5307201573381444
3.5287465595495475
3.527430827721749
3.525950629445361
3.5271018947687067
3.527430827721749
3.528088693632523
3.528911026029781
3.529897824919388
3.5300622914023574
3.52973335843681
3.528088693632523
3.5271018947687067
3.5271018947687067
3.526444028867309
3.5269374282927717
3.528088693632523
3.528911026029781
3.5300622914023574
3.5305556908536113
3.5295688919546224
3.5287465595495475
3.5275952941988566
3.5261150959189536
3.526444028867309
3.5269374282927717
3.5269374282927717
3.5287465595495475
3.5294044254728254
3.5290754925104046
3.5295688919546224
3.527430827721749
3.5261150959189536
3.5261150959189536
3.525950629445361
3.5271018947687067
3.528088693632523
3.5287465595495475
3.52973335843681
3.530226757885718
3.52973335843681
3.528417626590253
3.527430827721749
3.525950629445361
3.526279562392936
3.527430827721749
3.527430827721749
3.5287465595495475
3.52973335843681
3.5287465595495475
3.5294044254728254
3.527430827721749
3.5266084953420727
3.5261150959189536
3.526444028867309
3.5266084953420727
3.528088693632523
3.5292399589914196
3.5292399589914196
3.5305556908536113
3.5292399589914196
3.527430827721749
3.5267729618172265
3.5254572300269285
3.5254572300269285
3.5271018947687067
3.527430827721749
3.528088693632523
3.5300622914023574
3.530226757885718
3.5292399589914196
3.5292399589914196
3.526444028867309
3.526444028867309
3.5261150959189536
3.5266084953420727
3.5275952941988566
3.5287465595495475
3.5290754925104046
3.52973335843681
3.5290754925104046
3.528253160111193
3.5269374282927717
3.525950629445361
3.52578616297216
3.5266084953420727
3.5275952941988566
3.5287465595495475
3.5294044254728254
3.5285820930697054
3.5285820930697054
3.528088693632523
3.5267729618172265
3.525950629445361
3.525950629445361
3.5254572300269285
3.5267729618172265
3.528253160111193
3.5285820930697054
3.528911026029781
3.5292399589914196
3.5269374282927717
3.5269374282927717
3.5261150959189536
3.5252927635548987
3.527266361245033
3.5275952941988566
3.528911026029781
3.5294044254728254
3.5290754925104046
3.528253160111193
3.527430827721749
3.5269374282927717
3.5249638306120095
3.525950629445361
3.5261150959189536
3.5275952941988566
3.5285820930697054
3.528911026029781
3.5287465595495475
3.528911026029781
3.527430827721749
3.525950629445361
3.52578616297216
3.52578616297216
3.5261150959189536
3.5275952941988566
3.528417626590253
3.52973335843681
3.5295688919546224
3.528088693632523
3.5269374282927717
3.525950629445361
3.525128297083259
3.525128297083259
3.5271018947687067
3.5271018947687067
3.5285820930697054
3.528911026029781
3.5295688919546224
3.5292399589914196
3.527924227154243
3.526444028867309
3.52578616297216
3.525621696499349
3.526279562392936
3.5275952941988566
3.527430827721749
3.528417626590253
3.5294044254728254
3.528911026029781
3.527266361245033
3.5269374282927717
3.524141498261619
3.5252927635548987
3.5261150959189536
3.5275952941988566
3.528088693632523
3.5300622914023574
3.529897824919388
3.5287465595495475
3.527759760676355
3.5266084953420727
3.525950629445361
3.526279562392936
3.5266084953420727
3.528088693632523
3.5300622914023574
3.5294044254728254
3.5307201573381444
3.5305556908536113
3.528417626590253
3.527924227154243
3.5275952941988566
3.527924227154243
3.5295688919546224
3.5300622914023574
3.5308846238230687
3.532693755183048
3.532200355716542
3.532200355716542
3.53121355679409
3.5300622914023574
3.528417626590253
3.5287465595495475
3.5295688919546224
3.53121355679409
3.533187154653076
3.5338450206185907
3.533187154653076
3.5338450206185907
3.532200355716542
3.5315424897666765
3.5313780232801877
3.5307201573381444
3.532693755183048
3.53466735308429
3.534502886590367
3.5363120180450496
3.5371343505401143
3.5358186185527107
3.5359830850497653
3.534502886590367
3.5340094871109478
3.5340094871109478
3.5341739536036965
3.5358186185527107
3.5366409510419006
3.537792216543217
3.538450082552589
3.5386145490559113
3.536969884040318
3.5371343505401143
3.5361475515472116
3.5361475515472116
3.5366409510419006
3.538450082552589
3.5392724150731203
3.5409170801435814
3.5415749461827453
3.5405881471263534
3.5399302810966002
3.538779015559626
3.538121149547119
3.540259214110693
3.5407526136347713
3.543055144793808
3.546015542111293
3.5494693391425054
3.5535810025009273
3.559172865063131
3.565093661213842
3.5718367907864557
3.5805535202437566
3.5884479176943294
3.601111848850888
3.6119666488662414
3.624301650998366
3.6371300556100286
3.6476559278897978
3.6573594678627144
3.6678853433252017
3.6770954857188314
3.6864700962516546
3.6978183107758644
3.7094954610884434
3.7201858117805258
3.731862966062782
3.743869056439099
3.755710681986455
3.7690325133026383
3.7846568868518395
3.805215278860757
3.8275828168390125
3.852910773712741
3.880212348936695
3.9086652079905413
3.939749560128771
3.974616682638077
4.010799566504554
4.051094166985284
4.093691345297276
4.139742383028861
4.189411756797209
4.238423299445536
4.290066379315925
4.3459856904767165
4.409635091622264
4.478054167491311
4.537920929015229
4.578215901972758
4.6048599415501865
4.62344498939424
4.639069592179415
4.654036321285024
4.669003054643626
4.684627670943775
4.6963050188029465
4.704035095582902
4.707653429788634
4.710449415483426
4.7109428247392735
4.710778354986806
4.710449415483426
4.709462596985764
4.709627066734075
4.708969187743949
4.708969187743949
4.7091336574907015
4.708804717997715
4.708804717997715
4.7092981272379735
4.708475778506809
4.708640248252003
4.708311308762135
4.707324490304999
4.708146839017981
4.709462596985764
4.708640248252003
4.708804717997715
4.708969187743949
4.707653429788634
4.708475778506809
4.707653429788634
4.707160020563961
4.706831081083443
4.706502141605003
4.706831081083443
4.707488960046557
4.706831081083443
4.706337671866562
4.705515323182145
4.704857444243957
4.7045285047779775
4.7045285047779775
4.703706156122114
4.703541686392497
4.703212746934823
4.703212746934823
4.702719337752203
4.702883807479225
4.702390398299717
4.702225928574253
4.701896989124881
4.700910170789216
4.701568049677585
4.701074640510529
4.701074640510529
4.700745701068421
4.700087822190425
4.69975888275454
4.700581231348143
4.6989365341739
4.69827865531872
4.697949715894242
4.6963050188029465
4.6963050188029465
4.696633958217059
4.694989261167222
4.694002442962186
4.692522215689594
4.6905485793913755
4.688903882533126
4.6870947160488114
4.684792140613825
4.682654034943489
4.680022520392179
4.677884414916589
4.676239718456267
4.672621386425169
4.669003054643626
4.665549192721142
4.6607795742490294
4.6568323041164765
4.653378442993315
4.646964130079555
4.636602549327611
4.6213068862137545
4.601241614406857
4.57739355528358
4.54992718310711
4.519171441660439
4.486935496085943
4.452232535126172
4.415391500990962
4.381839866193084
4.346150159120444
4.307171103940685
4.267369733396239
4.226581580651681
4.185300052074706
4.146321105623425
4.109644736475732
4.0732973256581
4.039745889040227
4.007181277155329
3.976590293935169
3.9479729363083513
3.921493668899589
3.895014412731666
3.8686996350556466
3.8428782701095097
3.817550317221144
3.7951827827408424
3.7777492686070615
3.7640985013855377
3.751105605129083
3.740415249392626
3.7284091596501026
3.71673200598235
3.7052193212975397
3.6923909035867695
3.6805492894453264
3.6706812792742527
3.658510735410574
3.647984861425165
3.6387747230449126
3.6294001192051013
3.6210123168761017
3.6121311155465237
3.6025920487506005
3.5930529832964497
3.584171785628429
3.575619522301131
3.5690408589318325
3.563448995565138
3.558186065754362
3.5544033352021165
3.5504561383261115
3.5471668077691136
3.545686609069736
3.5432196113081105
3.5409170801435814
3.540259214110693
3.5394368815784025
3.5397658145901425
3.5407526136347713
3.5412460131623793
3.5405881471263534
3.5404236806183267
3.540259214110693
3.5386145490559113
3.5371343505401143
3.5366409510419006
3.5364764845432797
3.5371343505401143
3.5379566830449725
3.5389434820637318
3.5394368815784025
3.5392724150731203
3.537792216543217
3.5371343505401143
3.5366409510419006
3.5364764845432797
3.5359830850497653
3.5368054175409136
3.5368054175409136
3.537792216543217
3.5392724150731203
3.5386145490559113
3.538285616049658
3.5361475515472116
3.5338450206185907
3.53466735308429
3.5340094871109478
3.5333516211438676
3.534831819578604
3.5364764845432797
3.5366409510419006
3.5371343505401143
3.5363120180450496
3.5341739536036965
3.532693755183048
3.533187154653076
3.532364822204986
3.532693755183048
3.5341739536036965
3.53466735308429
3.5353252190638953
3.5359830850497653
3.534502886590367
3.5325292886938215
3.5315424897666765
3.531049090308384
3.530226757885718
3.531871422740827
3.5315424897666765
3.532693755183048
3.5335160876350504
3.533187154653076
3.5325292886938215
3.5308846238230687
3.5295688919546224
3.5290754925104046
3.528417626590253
3.528911026029781
3.530226757885718
3.5313780232801877
3.5313780232801877
3.5313780232801877
3.531049090308384
3.5294044254728254
3.528088693632523
3.527924227154243
3.5285820930697054
3.5285820930697054
3.5285820930697054
3.5308846238230687
3.5313780232801877
3.5313780232801877
3.5307201573381444
3.5294044254728254
3.528417626590253
3.528253160111193
3.528253160111193
3.528253160111193
3.5303912243694686
3.530226757885718
3.531049090308384
3.53121355679409
3.5307201573381444
3.5295688919546224
3.528417626590253
3.5267729618172265
3.5267729618172265
3.527266361245033
3.5292399589914196
3.529897824919388
3.52973335843681
3.5317069562535557
3.530226757885718
3.527430827721749
3.527924227154243
3.5266084953420727
3.5261150959189536
3.527924227154243
3.529897824919388
3.5295688919546224
3.53121355679409
3.5305556908536113
3.52973335843681
3.5287465595495475
3.528417626590253
3.5269374282927717
3.5267729618172265
3.5285820930697054
3.5290754925104046
3.5295688919546224
3.5307201573381444
3.5292399589914196
3.5292399589914196
3.528417626590253
3.5266084953420727
3.52578616297216
3.526279562392936
3.528417626590253
3.527924227154243
3.5305556908536113
3.529897824919388
3.530226757885718
3.528911026029781
3.528088693632523
3.5266084953420727
3.527266361245033
3.5275952941988566
3.527924227154243
3.528088693632523
3.529897824919388
3.5307201573381444
3.5303912243694686
3.52973335843681
3.528253160111193
3.527266361245033
3.527266361245033
3.5267729618172265
3.5269374282927717
3.5290754925104046
3.5294044254728254
3.5305556908536113
3.530226757885718
3.5294044254728254
3.528088693632523
3.5267729618172265
3.52578616297216
3.5266084953420727
3.5269374282927717
3.527924227154243
3.5292399589914196
3.5305556908536113
3.5300622914023574
3.5292399589914196
3.528253160111193
3.5261150959189536
3.5254572300269285
3.5269374282927717
3.527266361245033
3.5285820930697054
3.530226757885718
3.530226757885718
3.52973335843681
3.530226757885718
3.528253160111193
3.5267729618172265
3.526444028867309
3.526444028867309
3.5266084953420727
3.528253160111193
3.5292399589914196
3.5292399589914196
3.5300622914023574
3.528253160111193
3.5269374282927717
3.5271018947687067
3.5254572300269285
3.525950629445361
3.5269374282927717
3.528088693632523
3.5287465595495475
3.530226757885718
3.5292399589914196
3.528911026029781
3.5275952941988566
3.5267729618172265
3.525621696499349
3.5269374282927717
3.528088693632523
3.528417626590253
3.5295688919546224
3.529897824919388
3.528911026029781
3.5290754925104046
3.528253160111193
3.526444028867309
3.526279562392936
3.527266361245033
3.5269374282927717
3.528253160111193
3.5294044254728254
3.5295688919546224
3.5300622914023574
3.5295688919546224
3.5271018947687067
3.5266084953420727
3.525950629445361
3.5266084953420727
3.5267729618172265
3.527759760676355
3.528417626590253
3.529897824919388
3.530226757885718
3.528911026029781
3.5275952941988566
3.5261150959189536
3.52578616297216
3.5267729618172265
3.5275952941988566
3.528253160111193
3.5294044254728254
3.529897824919388
3.5292399589914196
3.5292399589914196
3.527759760676355
3.526279562392936
3.525950629445361
3.5266084953420727
3.528253160111193
3.528911026029781
3.530226757885718
3.53121355679409
3.5315424897666765
3.529897824919388
3.529897824919388
3.5275952941988566
3.5275952941988566
3.5285820930697054
3.5287465595495475
3.530226757885718
3.5307201573381444
3.532200355716542
3.5317069562535557
3.5320358892284887
3.52973335843681
3.5295688919546224
3.52973335843681
3.5300622914023574
3.5308846238230687
3.531871422740827
3.533022688162675
3.534338420096836
3.5340094871109478
3.5338450206185907
3.533187154653076
3.531871422740827
3.529897824919388
3.5313780232801877
3.5320358892284887
3.532858221672666
3.5341739536036965
3.53466735308429
3.5353252190638953
3.53466735308429
3.5335160876350504
3.5320358892284887
3.5325292886938215
3.531871422740827
3.532858221672666
3.534338420096836
3.5358186185527107
3.5371343505401143
3.537792216543217
3.537792216543217
3.5358186185527107
3.5349962860733095
3.53466735308429
3.5358186185527107
3.5371343505401143
3.537627750041854
3.5397658145901425
3.5396013480840764
3.5394368815784025
3.5397658145901425
3.538121149547119
3.5371343505401143
3.537298817040303
3.537298817040303
3.538450082552589
3.5397658145901425
3.5407526136347713
3.5409170801435814
3.5425617452532565
3.5417394126935164
3.5400947476034506
3.5392724150731203
3.5386145490559113
3.5389434820637318
3.54190387920468
3.542890678279899
3.5443708769192117
3.5470023412453897
3.5466734081991196
3.5478246738679386
3.5494693391425054
3.552265270199487
3.5578571326545907
3.5647647280809434
3.571672324203609
3.581540319875084
3.5902570505722764
3.5997961156338127
3.6078549819890973
3.6164072493742854
3.6241371842884424
3.633840720861032
3.6442021258659216
3.654563532471916
3.6672274760601264
3.6782467536077124
3.6904173010829253
3.7030812515060574
3.714100535019784
3.7249553534193756
3.7359746406010594
3.745842660547671
3.75653301717383
3.770183782803949
3.789261966091962
3.8136031046877243
3.8407401957757172
3.8685351677296933
3.8979748259089484
3.927085562941536
3.95668971625031
3.9879385601230566
4.019022952187578
4.0529033129415195
4.087934968083014
4.12428238781075
4.162767915319669
4.205529642101888
4.250100552299786
4.299770020539996
4.354702529256116
4.41736512719768
4.483152707804393
4.540059028863431
4.583478921082738
4.612754474353337
4.6359446712532435
4.656338895370725
4.674759491686097
4.689890700641866
4.703048277206764
4.708475778506809
4.712094113021112
4.713080931568678
4.712751992050742
4.7112717642457715
4.711436233999799
4.711436233999799
4.7112717642457715
4.7109428247392735
4.710449415483426
4.709791536482906
4.7109428247392735
4.709462596985764
4.708969187743949
4.709462596985764
4.708146839017981
4.708804717997715
4.709791536482906
4.708311308762135
4.708146839017981
4.707817899531229
4.705515323182145
4.70617320212864
4.705844262654354
4.705679792917989
4.705350853446819
4.704692974510707
4.703048277206764
4.703541686392497
4.703706156122114
4.702554868025701
4.702554868025701
4.701896989124881
4.702225928574253
4.701732519400974
4.702225928574253
4.701896989124881
4.701403579954714
4.701074640510529
4.700581231348143
4.700087822190425
4.6995944130373735
4.6992654736046
4.6992654736046
4.69827865531872
4.6963050188029465
4.69778524618278
4.696469488509743
4.694989261167222
4.69383797326316
4.692686685384477
4.6905485793913755
4.691206458149165
4.689397291585168
4.688410473485742
4.6867657766947515
4.685450019299195
4.6819961562932635
4.682160625955045
4.678871232817557
4.676075248813073
4.672950325690407
4.669496463508239
4.66472684467783
4.661272983036423
4.657325712866853
4.650417990782282
4.637095957888759
4.615057046641775
4.586439369559713
4.555683607250625
4.52065166411028
4.484632929274675
4.4476274045145505
4.408812747475444
4.3696691801241965
4.33217032611535
4.2926978750779305
4.252238641106729
4.210792626024166
4.170168981182599
4.130203236566568
4.093033473587609
4.056521605016637
4.021161032647014
3.98728068956215
3.9524135598989716
3.918368787153363
3.8862976414086527
3.853568642856836
3.824786874164376
3.7969919212698326
3.776269064793436
3.7586710887096437
3.7455137265254312
3.731862966062782
3.7193634770502126
3.707686324989211
3.695351307452884
3.682193957949646
3.6715036133992567
3.6604843369673596
3.649629529126236
3.641735124529224
3.634005187594659
3.624630584419417
3.615091515860008
3.606703715308246
3.5971646492761735
3.5876255845838836
3.5779220546299833
3.568382992629699
3.5624621961948573
3.5562124671793733
3.552265270199487
3.5496338056721237
3.5478246738679386
3.5453576760297487
3.543055144793808
3.5420683457162356
3.5405881471263534
3.5394368815784025
3.538450082552589
3.5399302810966002
3.5404236806183267
3.54190387920468
3.54190387920468
3.54190387920468
3.5407526136347713
3.5394368815784025
3.5396013480840764
3.538779015559626
3.5371343505401143
3.538450082552589
3.5392724150731203
3.5397658145901425
3.5410815466527845
3.5407526136347713
3.5394368815784025
3.538285616049658
3.537463283540882
3.5363120180450496
3.537298817040303
3.537627750041854
3.538285616049658
3.5394368815784025
3.5399302810966002
3.538779015559626
3.537792216543217
3.5364764845432797
3.5358186185527107
3.5349962860733095
3.535654152056047
3.535160752568407
3.5364764845432797
3.537463283540882
3.536969884040318
3.537792216543217
3.5371343505401143
3.5349962860733095
3.53466735308429
3.533187154653076
3.533187154653076
3.5340094871109478
3.534338420096836
3.534831819578604
3.5354896855597753
3.534831819578604
3.533680554126625
3.532364822204986
3.5305556908536113
3.5290754925104046
3.5300622914023574
3.531871422740827
3.532364822204986
3.5335160876350504
3.5333516211438676
3.532693755183048
3.5320358892284887
3.530226757885718
3.528911026029781
3.5292399589914196
3.529897824919388
3.529897824919388
3.531871422740827
3.531871422740827
3.5325292886938215
3.532364822204986
3.5335160876350504
3.53121355679409
3.530226757885718
3.5285820930697054
3.5292399589914196
3.530226757885718
3.531871422740827
3.5320358892284887
3.5335160876350504
3.5333516211438676
3.5325292886938215
3.530226757885718
3.5295688919546224
3.528911026029781
3.5287465595495475
3.5300622914023574
3.5308846238230687
3.531871422740827
3.532693755183048
3.5315424897666765
3.5308846238230687
3.5307201573381444
3.5290754925104046
3.5292399589914196
3.5295688919546224
3.5300622914023574
3.531049090308384
3.5325292886938215
3.532200355716542
3.5317069562535557
3.5315424897666765
3.529897824919388
3.5287465595495475
3.528417626590253
3.528911026029781
3.5290754925104046
3.5305556908536113
3.53121355679409
3.5308846238230687
3.5315424897666765
3.530226757885718
3.5294044254728254
3.527759760676355
3.527430827721749
3.527759760676355
3.528417626590253
3.530226757885718
3.5305556908536113
3.53121355679409
3.531871422740827
3.5300622914023574
3.528417626590253
3.527430827721749
3.5275952941988566
3.527924227154243
3.528417626590253
3.530226757885718
3.5307201573381444
3.5308846238230687
3.5317069562535557
3.5308846238230687
3.5292399589914196
3.5285820930697054
3.5285820930697054
3.528088693632523
3.5294044254728254
3.5307201573381444
3.5317069562535557
3.53121355679409
3.532364822204986
3.5303912243694686
3.5287465595495475
3.5287465595495475
3.527759760676355
3.5285820930697054
3.530226757885718
3.530226757885718
3.5315424897666765
3.532200355716542
3.5315424897666765
3.5305556908536113
3.529897824919388
3.527266361245033
3.527266361245033
3.528417626590253
3.5287465595495475
3.52973335843681
3.5308846238230687
3.531871422740827
3.5305556908536113
3.531049090308384
3.5292399589914196
3.527266361245033
3.528088693632523
3.528417626590253
3.528088693632523
3.530226757885718
3.5307201573381444
3.5315424897666765
3.5305556908536113
3.5300622914023574
3.528417626590253
3.5275952941988566
3.5269374282927717
3.527266361245033
3.527759760676355
3.5295688919546224
3.5294044254728254
3.5308846238230687
3.5300622914023574
3.5300622914023574
3.527924227154243
3.5275952941988566
3.5261150959189536
3.527266361245033
3.527759760676355
3.5292399589914196
3.52973335843681
3.5307201573381444
3.5308846238230687
3.5292399589914196
3.5294044254728254
3.5275952941988566
3.5271018947687067
3.527759760676355
3.528911026029781
3.52973335843681
3.53121355679409
3.53121355679409
3.53121355679409
3.5294044254728254
3.52973335843681
3.527924227154243
3.527924227154243
3.527759760676355
3.528417626590253
3.5294044254728254
3.531049090308384
3.5305556908536113
3.53121355679409
3.530226757885718
3.5287465595495475
3.528088693632523
3.527924227154243
3.527924227154243
3.5294044254728254
3.529897824919388
3.5313780232801877
3.5325292886938215
3.532693755183048
3.5320358892284887
3.5308846238230687
3.530226757885718
3.5295688919546224
3.5303912243694686
3.532200355716542
3.5320358892284887
3.5341739536036965
3.5341739536036965
3.533680554126625
3.5338450206185907
3.532693755183048
3.5305556908536113
3.5308846238230687
3.5313780232801877
3.5325292886938215
3.534338420096836
3.5341739536036965
3.5366409510419006
3.5358186185527107
3.5349962860733095
3.534338420096836
3.5341739536036965
3.533680554126625
3.53466735308429
3.5358186185527107
3.5371343505401143
3.538779015559626
3.5391079485682297
3.5386145490559113
3.5400947476034506
3.5379566830449725
3.537463283540882
3.537463283540882
3.537463283540882
3.5394368815784025
3.5407526136347713
3.5414104796723658
3.5414104796723658
3.543055144793808
3.5417394126935164
3.5410815466527845
3.5396013480840764
3.540259214110693
3.5410815466527845
3.5422328122281836
3.543877477369242
3.5470023412453897
3.548975939556009
3.5512784709899288
3.5570347999120586
3.5613109302808112
3.568382992629699
3.57693525505097
3.587461117962986
3.5996316489834714
3.6126245155897707
3.6254529179790675
3.63778792257915
3.6506163297662684
3.662129004975916
3.6741350826675534
3.685483295080568
3.6963381087710303
3.7103177956954236
3.7226528160332277
3.7349878386883186
3.7483096657673243
3.7611380944152293
3.774130992677944
3.793373644262657
3.815412243735362
3.8428782701095097
3.874127057052247
3.907513935986401
3.942381040387633
3.9805375167193215
4.024121451868727
4.072639454172276
4.1241179197981905
4.176089834544697
4.22822626367259
4.282500829675645
4.339900350996074
4.405523371009855
4.480521203067314
4.547953552113858
4.598939042716358
4.629530360456966
4.64943117341556
4.666371540777323
4.682325095617343
4.695811609685663
4.705350853446819
4.710120475982127
4.712916461809449
4.714067750134964
4.714067750134964
4.71357434084948
4.713080931568678
4.712751992050742
4.711765173509416
4.712094113021112
4.711600703754348
4.710284945732517
4.7112717642457715
4.711600703754348
4.711600703754348
4.711436233999799
4.7112717642457715
4.710120475982127
4.710284945732517
4.711107294492263
4.709791536482906
4.709791536482906
4.709627066734075
4.708969187743949
4.709627066734075
4.709791536482906
4.7091336574907015
4.7092981272379735
4.708311308762135
4.707488960046557
4.707160020563961
4.707160020563961
4.706502141605003
4.705679792917989
4.705515323182145
4.703706156122114
4.705186383712012
4.704199565314074
4.703541686392497
4.703541686392497
4.702719337752203
4.701074640510529
4.702390398299717
4.702554868025701
4.702225928574253
4.701896989124881
4.701074640510529
4.701074640510529
4.700581231348143
4.700416761628385
4.699429943320728
4.698443125031738
4.698114185606221
4.6972918370515035
4.695811609685663
4.695976079390906
4.693509033866661
4.692357745995228
4.6903841097032215
4.688410473485742
4.685450019299195
4.683311913601982
4.68068039901761
4.677555475620395
4.674759491686097
4.6708122205032145
4.666371540777323
4.66291767902784
4.657325712866853
4.651733747299986
4.642687921903774
4.627556726522192
4.605517819239031
4.579531656701719
4.549762713854911
4.517362280943286
4.4796988578629495
4.438088206614741
4.394668430053229
4.35157762463283
4.307828978067344
4.263751428355863
4.220167317316141
4.177570047978629
4.135630681779026
4.095336024603117
4.057672879813313
4.018858484463039
3.9834979339737795
3.948466338913809
3.9147505032215717
3.8849819024459693
3.8570224559752497
3.830378759636015
3.8078467535120177
3.787781762014669
3.769196980373003
3.7529147424270772
3.7377837774797413
3.7228172829867026
3.709824394930004
3.696667042547018
3.684167560208628
3.672819348020396
3.6604843369673596
3.6489716620409607
3.637294522351705
3.6247950511305445
3.6127889822716526
3.602756515408118
3.5928885166624345
3.584171785628429
3.57693525505097
3.570521058134753
3.563942395255605
3.558021599204279
3.5548967348275533
3.5497982722021346
3.545686609069736
3.543877477369242
3.5409170801435814
3.5412460131623793
3.5422328122281836
3.5425617452532565
3.5427262117663814
3.543055144793808
3.5427262117663814
3.5410815466527845
3.5404236806183267
3.5379566830449725
3.537627750041854
3.538450082552589
3.5391079485682297
3.540259214110693
3.5410815466527845
3.5414104796723658
3.5404236806183267
3.5404236806183267
3.538450082552589
3.5368054175409136
3.536969884040318
3.537298817040303
3.5379566830449725
3.5391079485682297
3.5397658145901425
3.5394368815784025
3.5392724150731203
3.5379566830449725
3.536969884040318
3.5363120180450496
3.5359830850497653
3.5354896855597753
3.5364764845432797
3.537463283540882
3.537298817040303
3.538450082552589
3.5371343505401143
3.5359830850497653
3.5349962860733095
3.5335160876350504
3.533187154653076
3.5333516211438676
3.5353252190638953
3.535160752568407
3.5363120180450496
3.5359830850497653
3.5353252190638953
3.534338420096836
3.532858221672666
3.5307201573381444
3.531871422740827
3.532364822204986
3.532858221672666
3.5338450206185907
3.5335160876350504
3.5341739536036965
3.5341739536036965
3.533187154653076
3.5317069562535557
3.530226757885718
3.529897824919388
3.529897824919388
3.5320358892284887
3.5320358892284887
3.532200355716542
3.532693755183048
3.532693755183048
3.5313780232801877
3.5305556908536113
3.5300622914023574
3.5287465595495475
3.5303912243694686
3.531049090308384
3.5315424897666765
3.532858221672666
3.5335160876350504
3.533022688162675
3.5325292886938215
3.5305556908536113
3.5294044254728254
3.5294044254728254
3.5295688919546224
3.5305556908536113
3.5315424897666765
3.532858221672666
3.5325292886938215
3.533022688162675
3.5313780232801877
3.5295688919546224
3.528911026029781
3.5295688919546224
3.5290754925104046
3.530226757885718
3.5305556908536113
3.531871422740827
3.532200355716542
3.532200355716542
3.5307201573381444
3.52973335843681
3.5290754925104046
3.528417626590253
3.528253160111193
3.5305556908536113
3.5305556908536113
3.531049090308384
3.5325292886938215
3.53121355679409
3.5308846238230687
3.5300622914023574
3.527266361245033
3.527924227154243
3.5295688919546224
3.52973335843681
3.5305556908536113
3.5317069562535557
3.5317069562535557
3.5317069562535557
3.5315424897666765
3.52973335843681
3.528088693632523
3.5285820930697054
3.528417626590253
3.529897824919388
3.5308846238230687
3.5313780232801877
3.532200355716542
3.532200355716542
3.530226757885718
3.528911026029781
3.528253160111193
3.5285820930697054
3.5287465595495475
3.5307201573381444
3.531049090308384
3.5308846238230687
3.532364822204986
3.532693755183048
3.5305556908536113
3.52973335843681
3.5285820930697054
3.528253160111193
3.5290754925104046
3.52973335843681
3.5307201573381444
3.531049090308384
3.5313780232801877
3.53121355679409
3.53121355679409
3.5290754925104046
3.527924227154243
3.528417626590253
3.5275952941988566
3.5294044254728254
3.5307201573381444
3.5313780232801877
3.532200355716542
3.532364822204986
3.5295688919546224
3.5285820930697054
3.5285820930697054
3.528088693632523
3.528088693632523
3.52973335843681
3.5295688919546224
3.5308846238230687
3.530226757885718
3.5308846238230687
3.530226757885718
3.5295688919546224
3.527924227154243
3.5275952941988566
3.5287465595495475
3.5292399589914196
3.5295688919546224
3.5315424897666765
3.5315424897666765
3.5308846238230687
3.5308846238230687
3.528911026029781
3.5275952941988566
3.527266361245033
3.527924227154243
3.528417626590253
3.5305556908536113
3.5308846238230687
3.53121355679409
3.5305556908536113
3.5300622914023574
3.528088693632523
3.527759760676355
3.528417626590253
3.5285820930697054
3.5295688919546224
3.5307201573381444
3.5315424897666765
3.53121355679409
3.5315424897666765
3.52973335843681
3.528911026029781
3.528253160111193
3.527266361245033
3.527759760676355
3.5285820930697054
3.530226757885718
3.5303912243694686
3.532693755183048
3.5308846238230687
3.52973335843681
3.528417626590253
3.5269374282927717
3.5271018947687067
3.527924227154243
3.528253160111193
3.52973335843681
3.5313780232801877
3.53121355679409
3.529897824919388
3.5300622914023574
3.528417626590253
3.528088693632523
3.528088693632523
3.528088693632523
3.52973335843681
3.531049090308384
3.5313780232801877
3.5313780232801877
3.5315424897666765
3.5313780232801877
3.5292399589914196
3.528911026029781
3.528417626590253
3.5285820930697054
3.5295688919546224
3.5308846238230687
3.532858221672666
3.5333516211438676
3.533187154653076
3.5315424897666765
3.53121355679409
3.5300622914023574
3.530226757885718
3.5315424897666765
3.531871422740827
3.5333516211438676
3.5349962860733095
3.5354896855597753
3.534502886590367
3.5340094871109478
3.532200355716542
3.531871422740827
3.532693755183048
3.5320358892284887
3.533187154653076
3.535160752568407
3.5361475515472116
3.5359830850497653
3.5371343505401143
3.5354896855597753
3.534831819578604
3.534338420096836
3.534338420096836
3.534831819578604
3.5363120180450496
3.537792216543217
3.5379566830449725
3.5400947476034506
3.5399302810966002
3.537627750041854
3.537792216543217
3.5368054175409136
3.537298817040303
3.537463283540882
3.5392724150731203
3.5391079485682297
3.542397278740524
3.5420683457162356
3.5410815466527845
3.5414104796723658
3.5397658145901425
3.5389434820637318
3.5397658145901425
3.5405881471263534
3.5415749461827453
3.5437130108533705
3.5443708769192117
3.544535343436653
3.545522142549546
3.544535343436653
3.5448642764727136
3.5466734081991196
3.5497982722021346
3.5562124671793733
3.564600261515087
3.5726591237066234
3.5818692530886986
3.5905859838279794
3.5993027156839856
3.6060458486422586
3.61558491592486
3.6238082508697986
3.633347320662564
3.6458467934741416
3.6578528682379394
3.6683787437782702
3.6812071568421643
3.6933777048607577
3.7050548543880426
3.715251803552955
3.726271089104875
3.736796975539712
3.748967533841657
3.7629472319921673
3.7789005382632865
3.7997878627328037
3.8254447430179925
3.851595035445006
3.8803768162930727
3.910803284625857
3.9407363652127705
3.9733009418085072
4.005536600249302
4.038430146807439
4.071488179089416
4.1081645247434855
4.146650041772388
4.188753884022174
4.231022224915348
4.27460634416165
4.321808805060445
4.37559005409746
4.435127766222553
4.496803640663096
4.549598244603214
4.586274900195579
4.611109779922687
4.6287080129752045
4.645648373680869
4.66258873982544
4.679364641775011
4.693015624775796
4.703870625852248
4.708640248252003
4.711436233999799
4.712423052534887
4.712587522292554
4.711765173509416
4.712587522292554
4.711436233999799
4.710284945732517
4.709627066734075
4.709627066734075
4.708969187743949
4.7091336574907015
4.7091336574907015
4.708969187743949
4.708969187743949
4.708475778506809
4.707653429788634
4.707982369274346
4.708311308762135
4.707653429788634
4.707653429788634
4.707488960046557
4.706337671866562
4.706502141605003
4.707160020563961
4.706008732391237
4.705515323182145
4.704857444243957
4.703048277206764
4.703212746934823
4.703870625852248
4.702883807479225
4.702719337752203
4.702883807479225
4.701239110232362
4.701896989124881
4.702225928574253
4.701074640510529
4.701074640510529
4.700745701068421
4.6992654736046
4.699923352472222
4.700252291909146
4.700087822190425
4.69975888275454
4.69975888275454
4.698443125031738
4.697620776471836
4.698772064459327
4.697456306761411
4.6972918370515035
4.6961405490966674
4.6961405490966674
4.695318200573044
4.695647139980939
4.6944958520623725
4.693344564169188
4.691864336915238
4.6905485793913755
4.689726230955782
4.689068352216623
4.687423655404941
4.685778958644981
4.684298731605225
4.6819961562932635
4.679693581082563
4.677884414916589
4.674595022047546
4.671799038271093
4.668838585023119
4.664891314285462
4.660450635060005
4.657983591207884
4.651569277733476
4.6423589828276794
4.626898848560278
4.606504635787548
4.58298551301918
4.554532322372667
4.52328317078759
4.489402532062898
4.454370631612546
4.419667691194292
4.384306897475751
4.351248687314158
4.316710279522835
4.281514018926832
4.245659906569629
4.209641348250481
4.1741162166909245
4.138426638597819
4.103559421811621
4.067869886115381
4.032673774874796
4.000273634447507
3.967380108423244
3.9354734049459528
3.9042245875197983
3.873633655033284
3.844851877250617
3.819194989181848
3.794689381332663
3.776104597705123
3.760973627365278
3.745842660547671
3.7323563669937414
3.721501547370435
3.707686324989211
3.697324910103904
3.688608165506071
3.6792335546712014
3.6706812792742527
3.662951338995394
3.652754397869585
3.644366592624928
3.6351564547413133
3.6244661177086908
3.61558491592486
3.6065392486411496
3.5976580492104624
3.5894347174399757
3.5831849859590226
3.576770788455854
3.5703565915550692
3.565093661213842
3.5576926661052966
3.5529231363470597
3.5481536069197084
3.5451932095103444
3.5437130108533705
3.5433840778228047
3.5427262117663814
3.542890678279899
3.544535343436653
3.543877477369242
3.542890678279899
3.5414104796723658
3.5397658145901425
3.538285616049658
3.5389434820637318
3.5386145490559113
3.5405881471263534
3.5412460131623793
3.5414104796723658
3.5417394126935164
3.5417394126935164
3.5399302810966002
3.5386145490559113
3.538121149547119
3.537298817040303
3.536969884040318
3.5392724150731203
3.5397658145901425
3.5400947476034506
3.5400947476034506
3.5405881471263534
3.537792216543217
3.537627750041854
3.5364764845432797
3.5358186185527107
3.5366409510419006
3.5379566830449725
3.537792216543217
3.5392724150731203
3.5391079485682297
3.538285616049658
3.537463283540882
3.5353252190638953
3.5340094871109478
3.534338420096836
3.5354896855597753
3.535654152056047
3.537298817040303
3.538121149547119
3.537627750041854
3.538121149547119
3.5358186185527107
3.534831819578604
3.532693755183048
3.5333516211438676
3.532858221672666
3.53466735308429
3.5353252190638953
3.5354896855597753
3.5354896855597753
3.5341739536036965
3.5335160876350504
3.5315424897666765
3.5308846238230687
3.531049090308384
3.531049090308384
3.532858221672666
3.532858221672666
3.533187154653076
3.5335160876350504
3.5320358892284887
3.5313780232801877
3.5308846238230687
3.530226757885718
3.528911026029781
3.5308846238230687
3.53121355679409
3.5315424897666765
3.532858221672666
3.532364822204986
3.531871422740827
3.5317069562535557
3.5303912243694686
3.5285820930697054
3.529897824919388
3.5292399589914196
3.5295688919546224
3.5317069562535557
3.5320358892284887
3.532200355716542
3.5325292886938215
3.531049090308384
3.528911026029781
3.5292399589914196
3.528253160111193
3.5292399589914196
3.5308846238230687
3.5313780232801877
3.5313780232801877
3.532693755183048
3.531871422740827
3.5307201573381444
3.52973335843681
3.5287465595495475
3.528253160111193
3.5292399589914196
3.5300622914023574
3.5305556908536113
3.5320358892284887
3.532364822204986
3.53121355679409
3.5305556908536113
3.5292399589914196
3.528253160111193
3.527924227154243
3.5285820930697054
3.528911026029781
3.530226757885718
3.53121355679409
3.531049090308384
3.5313780232801877
3.5303912243694686
3.528911026029781
3.527924227154243
3.527924227154243
3.528417626590253
3.5292399589914196
3.5317069562535557
3.5313780232801877
3.531049090308384
3.53121355679409
3.52973335843681
3.528253160111193
3.527266361245033
3.5275952941988566
3.527924227154243
3.52973335843681
3.530226757885718
3.531049090308384
3.5325292886938215
3.5308846238230687
3.5292399589914196
3.528911026029781
3.527430827721749
3.528088693632523
3.528911026029781
3.5294044254728254
3.5305556908536113
3.53121355679409
3.5315424897666765
3.5307201573381444
3.5294044254728254
3.528417626590253
3.527266361245033
3.5269374282927717
3.528253160111193
3.528911026029781
3.52973335843681
3.5308846238230687
3.5315424897666765
3.5300622914023574
3.5295688919546224
3.528417626590253
3.5275952941988566
3.527430827721749
3.527759760676355
3.5285820930697054
3.5303912243694686
3.530226757885718
3.531049090308384
3.53121355679409
3.5295688919546224
3.5275952941988566
3.5275952941988566
3.527759760676355
3.527924227154243
3.5285820930697054
3.530226757885718
3.5307201573381444
3.5320358892284887
3.529897824919388
3.5287465595495475
3.5275952941988566
3.527266361245033
3.526279562392936
3.5285820930697054
3.5292399589914196
3.5300622914023574
3.5305556908536113
3.5308846238230687
3.5292399589914196
3.529897824919388
3.5275952941988566
3.5267729618172265
3.5269374282927717
3.527924227154243
3.5285820930697054
3.530226757885718
3.5305556908536113
3.5305556908536113
3.52973335843681
3.5303912243694686
3.5269374282927717
3.5269374282927717
3.526279562392936
3.5271018947687067
3.528417626590253
3.530226757885718
3.530226757885718
3.5315424897666765
3.530226757885718
3.5294044254728254
3.527759760676355
3.527430827721749
3.5269374282927717
3.5275952941988566
3.5292399589914196
3.52973335843681
3.530226757885718
3.5305556908536113
3.529897824919388
3.527759760676355
3.528253160111193
3.527266361245033
3.5271018947687067
3.527759760676355
3.528253160111193
3.5292399589914196
3.5307201573381444
3.5303912243694686
3.52973335843681
3.5290754925104046
3.5269374282927717
3.5267729618172265
3.527430827721749
3.527266361245033
3.5287465595495475
3.530226757885718
3.52973335843681
3.5295688919546224
3.5305556908536113
3.528253160111193
3.527430827721749
3.527266361245033
3.5266084953420727
3.5269374282927717
3.5290754925104046
3.5307201573381444
3.531049090308384
3.5325292886938215
3.529897824919388
3.5292399589914196
3.528911026029781
3.527266361245033
3.527759760676355
3.5292399589914196
3.5308846238230687
3.5320358892284887
3.532858221672666
3.5335160876350504
3.5325292886938215
3.5317069562535557
3.5320358892284887
3.5295688919546224
3.5307201573381444
3.5315424897666765
3.5320358892284887
3.5338450206185907
3.5353252190638953
3.534502886590367
3.534338420096836
3.532858221672666
3.531871422740827
3.5315424897666765
3.5325292886938215
3.5320358892284887
3.5338450206185907
3.534502886590367
3.5354896855597753
3.5361475515472116
3.5359830850497653
3.534831819578604
3.5354896855597753
3.533680554126625
3.534502886590367
3.5354896855597753
3.5371343505401143
3.537792216543217
3.5391079485682297
3.5389434820637318
3.5391079485682297
3.537463283540882
3.5366409510419006
3.5361475515472116
3.537627750041854
3.5379566830449725
3.5389434820637318
3.5405881471263534
3.5414104796723658
3.5412460131623793
3.5415749461827453
3.5400947476034506
3.5391079485682297
3.5399302810966002
3.5391079485682297
3.5396013480840764
3.542397278740524
3.5425617452532565
3.544699809954487
3.545028742991333
3.5448642764727136
3.5448642764727136
3.544699809954487
3.54618000863266
3.549962738732539
3.5552256679131458
3.561968796515042
3.5718367907864557
3.5805535202437566
3.5895991840656407
3.5993027156839856
3.607526048649714
3.61722958283372
3.6267686516953797
3.6387747230449126
3.650945263316179
3.6634447394119465
3.674464016333409
3.6872924305721138
3.697324910103904
3.7075218580735614
3.7183766753874203
3.7285736266180076
3.738441645448033
3.7509411381044835
3.762782764937637
3.7780782027924644
3.798636592703931
3.8218264644068607
3.8481412226219063
3.8752783284448267
3.9035667178472075
3.9358023399495674
3.9713273306168673
4.011457437318373
4.056850540670587
4.104546229552788
4.156353658991973
4.207832197509305
4.262271212723244
4.3199996507849425
4.387267335158752
4.462100673449315
4.532164506767651
4.581834227555249
4.612261066018798
4.633313159037618
4.651898216867008
4.667358358461735
4.683147443936583
4.6963050188029465
4.705021913977725
4.710284945732517
4.712916461809449
4.714067750134964
4.714067750134964
4.71357434084948
4.713080931568678
4.712423052534887
4.712587522292554
4.712423052534887
4.711765173509416
4.711436233999799
4.7109428247392735
4.710284945732517
4.7106138852348565
4.711600703754348
4.711107294492263
4.7109428247392735
4.7112717642457715
4.7109428247392735
4.710120475982127
4.711436233999799
4.710120475982127
4.710120475982127
4.710120475982127
4.710120475982127
4.708969187743949
4.710120475982127
4.709627066734075
4.7091336574907015
4.708146839017981
4.707324490304999
4.706008732391237
4.706502141605003
4.70617320212864
4.705844262654354
4.705021913977725
4.704692974510707
4.704199565314074
4.704199565314074
4.704857444243957
4.703541686392497
4.703377216663401
4.703541686392497
4.702390398299717
4.702719337752203
4.703541686392497
4.702883807479225
4.701896989124881
4.701896989124881
4.700416761628385
4.700581231348143
4.700581231348143
4.699429943320728
4.6989365341739
4.69778524618278
4.697127367342116
4.696962897633244
4.694989261167222
4.693344564169188
4.691699867222943
4.689726230955782
4.6870947160488114
4.686436837342759
4.682982974271702
4.680186990047763
4.6780488845654595
4.674266082771992
4.6708122205032145
4.668674115403126
4.663411087835298
4.658476999969054
4.653542912565472
4.64499049549383
4.63232634199051
4.614399168834893
4.5913734507191934
4.566374110866293
4.5367696445166485
4.503875812042504
4.466376867273225
4.425917508238822
4.385622647537712
4.345492284548414
4.304868544557311
4.262764617929879
4.221318595298475
4.180694943128621
4.141880467791753
4.103230485901526
4.065731804005755
4.0292199519773835
3.9956685397424483
3.9621171458914146
3.9325129899917375
3.904060120101003
3.8767585345518607
3.850114829926396
3.825115808590338
3.8014325342383564
3.779722873744561
3.7634406331582557
3.749132000861277
3.7374548434980777
3.7261066221427446
3.7142650019518615
3.7029167846018898
3.691733036078951
3.6805492894453264
3.6680498101424854
3.6558792667588995
3.6442021258659216
3.6331828539305464
3.622985917330209
3.614269182426593
3.6052235153187575
3.59667124934547
3.58861238431761
3.5808824534526127
3.5729880568774592
3.564435794949624
3.5578571326545907
3.5512784709899288
3.5474957408177406
3.546344475154421
3.545522142549546
3.544206410402163
3.544535343436653
3.5440419438855058
3.5425617452532565
3.5405881471263534
3.5394368815784025
3.5386145490559113
3.5396013480840764
3.5392724150731203
3.5397658145901425
3.5410815466527845
3.5400947476034506
3.5405881471263534
3.540259214110693
3.5379566830449725
3.537463283540882
3.5364764845432797
3.5359830850497653
3.5364764845432797
3.537463283540882
3.538285616049658
3.5392724150731203
3.5391079485682297
3.537792216543217
3.5371343505401143
3.5353252190638953
3.535160752568407
3.5353252190638953
3.5358186185527107
3.5361475515472116
3.537792216543217
3.5371343505401143
3.537463283540882
3.5366409510419006
3.534831819578604
3.533022688162675
3.5335160876350504
3.533022688162675
3.5335160876350504
3.534831819578604
3.5349962860733095
3.534338420096836
3.5358186185527107
3.5349962860733095
3.532858221672666
3.5315424897666765
3.529897824919388
3.5305556908536113
3.5317069562535557
3.531871422740827
3.532200355716542
3.532364822204986
3.533187154653076
3.5315424897666765
3.531871422740827
3.528911026029781
3.528417626590253
3.5292399589914196
3.5300622914023574
3.529897824919388
3.5320358892284887
3.532200355716542
3.53121355679409
3.53121355679409
3.5295688919546224
3.5275952941988566
3.5285820930697054
3.528088693632523
3.5292399589914196
3.5292399589914196
3.5295688919546224
3.530226757885718
3.531871422740827
3.5300622914023574
3.528911026029781
3.527266361245033
3.526444028867309
3.527430827721749
3.527430827721749
3.528417626590253
3.530226757885718
3.5300622914023574
3.5294044254728254
3.5292399589914196
3.527759760676355
3.526444028867309
3.525621696499349
3.525950629445361
3.5271018947687067
3.5287465595495475
3.5294044254728254
3.5290754925104046
3.529897824919388
3.528253160111193
3.5267729618172265
3.5269374282927717
3.52578616297216
3.525621696499349
3.5271018947687067
3.5275952941988566
3.528253160111193
3.52973335843681
3.5290754925104046
3.528088693632523
3.527430827721749
3.525621696499349
3.524470431200604
3.5249638306120095
3.5252927635548987
3.5267729618172265
3.5285820930697054
3.5275952941988566
3.528417626590253
3.527924227154243
3.52578616297216
3.52578616297216
3.5252927635548987
3.5243059647309165
3.525950629445361
3.526444028867309
3.527266361245033
3.5287465595495475
3.5275952941988566
3.5266084953420727
3.5261150959189536
3.525128297083259
3.5246348976706825
3.524799364141151
3.5246348976706825
3.5266084953420727
3.5267729618172265
3.527430827721749
3.527759760676355
3.5267729618172265
3.5246348976706825
3.524470431200604
3.5229902329874645
3.5233191659209857
3.524141498261619
3.525128297083259
3.5261150959189536
3.528088693632523
3.527759760676355
3.5267729618172265
3.5246348976706825
3.524141498261619
3.523812565324195
3.5246348976706825
3.5249638306120095
3.525621696499349
3.5261150959189536
3.527924227154243
3.5271018947687067
3.525950629445361
3.5252927635548987
3.524141498261619
3.5233191659209857
3.5236480988560683
3.5234836323883316
3.5252927635548987
3.526444028867309
3.5271018947687067
3.526444028867309
3.525950629445361
3.5234836323883316
3.5236480988560683
3.5226613000555034
3.5229902329874645
3.5236480988560683
3.525128297083259
3.5254572300269285
3.526444028867309
3.52578616297216
3.525621696499349
3.524799364141151
3.5226613000555034
3.522496833590108
3.5236480988560683
3.524141498261619
3.524799364141151
3.5261150959189536
3.5271018947687067
3.525621696499349
3.525128297083259
3.5243059647309165
3.5228257665212888
3.5229902329874645
3.5226613000555034
3.5233191659209857
3.5246348976706825
3.525621696499349
3.525950629445361
3.526279562392936
3.524470431200604
3.524141498261619
3.522496833590108
3.522003434196263
3.522167900660488
3.5226613000555034
3.524470431200604
3.52578616297216
3.525621696499349
3.525950629445361
3.525950629445361
3.524470431200604
3.5229902329874645
3.5229902329874645
3.52315469945403
3.52315469945403
3.524799364141151
3.5254572300269285
3.52578616297216
3.5266084953420727
3.524799364141151
3.5234836323883316
3.5234836323883316
3.522167900660488
3.5226613000555034
3.5236480988560683
3.523977031792712
3.5254572300269285
3.526279562392936
3.525128297083259
3.525621696499349
3.5236480988560683
3.522332367125103
3.5215100348059285
3.5226613000555034
3.5229902329874645
3.5249638306120095
3.5254572300269285
3.526279562392936
3.5266084953420727
3.525128297083259
3.523977031792712
3.524141498261619
3.523812565324195
3.523977031792712
3.523977031792712
3.52578616297216
3.5261150959189536
3.527430827721749
3.5267729618172265
3.526279562392936
3.524799364141151
3.5234836323883316
3.52315469945403
3.523812565324195
3.5243059647309165
3.525950629445361
3.5275952941988566
3.5285820930697054
3.528088693632523
3.528253160111193
3.5269374282927717
3.525621696499349
3.525950629445361
3.5261150959189536
3.526444028867309
3.528088693632523
3.5287465595495475
3.5300622914023574
3.5295688919546224
3.528911026029781
3.527924227154243
3.5267729618172265
3.5266084953420727
3.527924227154243
3.527924227154243
3.5285820930697054
3.5307201573381444
3.53121355679409
3.5315424897666765
3.53121355679409
3.5294044254728254
3.5295688919546224
3.5290754925104046
3.530226757885718
3.531871422740827
3.534338420096836
3.535160752568407
3.5371343505401143
3.5371343505401143
3.537298817040303
3.5371343505401143
3.5363120180450496
3.5364764845432797
3.538450082552589
3.5386145490559113
3.5399302810966002
3.5422328122281836
3.5420683457162356
3.542890678279899
3.5422328122281836
3.5407526136347713
3.5405881471263534
3.5397658145901425
3.5400947476034506
3.5422328122281836
3.5433840778228047
3.545028742991333
3.545522142549546
3.5466734081991196
3.5470023412453897
3.5494693391425054
3.5521008036635773
3.5563769337251228
3.563942395255605
3.570521058134753
3.5800601204334455
3.5891057841898375
3.598151449148336
3.6073615819806215
3.6167361827568576
3.624301650998366
3.631867120088879
3.642721925053015
3.6534122649920433
3.6644315402559995
3.6766020852011305
3.6874568974374298
3.698969579024764
3.7099888618513996
3.721501547370435
3.730876164212011
3.7425533203998618
3.7542304786753586
3.7680457108892087
3.785808156631078
3.808998023705851
3.836792981809627
3.866068157891737
3.8955078149181848
3.9252764206965933
3.955209508249087
3.984484739756971
4.016555936366144
4.051258634797248
4.086948160616165
4.126584940034442
4.169511108623689
4.210957094279411
4.255528008657054
4.304539607510153
4.359636589541148
4.424108350600773
4.492362975382449
4.54647332891636
4.583314451727713
4.608313799507367
4.62805013499899
4.646470721426202
4.666042601553306
4.682818504607337
4.696633958217059
4.704857444243957
4.708969187743949
4.711436233999799
4.713409871088693
4.712587522292554
4.712094113021112
4.711765173509416
4.710778354986806
4.709791536482906
4.7106138852348565
4.708969187743949
4.708475778506809
4.708475778506809
4.708146839017981
4.707817899531229
4.708969187743949
4.708311308762135
4.707982369274346
4.707324490304999
4.70617320212864
4.706337671866562
4.707324490304999
4.70617320212864
4.705844262654354
4.705350853446819
4.705350853446819
4.704692974510707
4.704692974510707
4.703706156122114
4.702883807479225
4.701732519400974
4.701239110232362
4.701239110232362
4.69975888275454
4.69910100388899
4.69827865531872
4.6972918370515035
4.696798427924893
4.697127367342116
4.695976079390906
4.694824791465087
4.694824791465087
4.694331382361792
4.694002442962186
4.694660321763471
4.693673503564651
4.693344564169188
4.692686685384477
4.69202880660805
4.691370927839906
4.691864336915238
4.6907130490800455
4.690219640015585
4.689726230955782
4.688903882533126
4.689068352216623
4.689068352216623
4.687752594763139
4.686930246371523
4.685778958644981
4.683311913601982
4.683147443936583
4.682818504607337
4.680186990047763
4.679364641775011
4.677226536326267
4.675088430964745
4.67327926495771
4.670318811626234
4.667522828077606
4.664068966252446
4.66061510465426
4.656996773699422
4.653049503850542
4.6482798865110615
4.641043226543791
4.6270633180499905
4.6069980440686695
4.582327635608185
4.557163830701348
4.528052776966069
4.498941738890234
4.467857088289919
4.435127766222553
4.401740588314977
4.3699981175507405
4.337104384427728
4.303717264900577
4.270659101812744
4.235791806170701
4.198950912868066
4.162767915319669
4.126584940034442
4.0933624094415375
4.060304365145395
4.0295488874829575
3.997806619383845
3.967380108423244
3.9359668074520275
3.907185001131965
3.8788966101011173
3.8527463064277825
3.826760480745539
3.80357060725845
3.783834551307802
3.7665655072972033
3.7525858083691603
3.739263980417706
3.7269289569575212
3.7150873366184114
3.7034101853156227
3.6943645061494608
3.6849898945005317
3.6762731515246982
3.6678853433252017
3.6609777373656716
3.65193206397561
3.643873192349119
3.634498587797954
3.6244661177086908
3.613775782371346
3.6053879819826595
3.598480382442244
3.5899281173181636
3.5840073190158694
3.578250987826157
3.5708499912953062
3.564435794949624
3.558186065754362
3.5512784709899288
3.5466734081991196
3.543055144793808
3.5407526136347713
3.5399302810966002
3.5412460131623793
3.5409170801435814
3.5399302810966002
3.5404236806183267
3.5394368815784025
3.537298817040303
3.5371343505401143
3.5358186185527107
3.5359830850497653
3.5364764845432797
3.537792216543217
3.537792216543217
3.5394368815784025
3.5379566830449725
3.5371343505401143
3.5364764845432797
3.533680554126625
3.5333516211438676
3.53466735308429
3.5349962860733095
3.5358186185527107
3.536969884040318
3.537463283540882
3.5366409510419006
3.5358186185527107
3.53466735308429
3.533187154653076
3.5333516211438676
3.533187154653076
3.5335160876350504
3.5354896855597753
3.5354896855597753
3.5366409510419006
3.5364764845432797
3.5341739536036965
3.532858221672666
3.533187154653076
3.5317069562535557
3.532858221672666
3.5333516211438676
3.5338450206185907
3.5341739536036965
3.535160752568407
3.534502886590367
3.5333516211438676
3.5325292886938215
3.530226757885718
3.52973335843681
3.5313780232801877
3.53121355679409
3.531871422740827
3.532693755183048
3.5333516211438676
3.5320358892284887
3.5317069562535557
3.529897824919388
3.5290754925104046
3.528911026029781
3.5287465595495475
3.5292399589914196
3.5308846238230687
3.53121355679409
3.531871422740827
3.53121355679409
3.5287465595495475
3.5275952941988566
3.5275952941988566
3.526444028867309
3.527266361245033
3.5285820930697054
3.528417626590253
3.5292399589914196
3.53121355679409
3.531049090308384
3.528417626590253
3.527924227154243
3.5267729618172265
3.52578616297216
3.5271018947687067
3.528088693632523
3.528417626590253
3.530226757885718
3.529897824919388
3.5290754925104046
3.5290754925104046
3.5275952941988566
3.526279562392936
3.526279562392936
3.5267729618172265
3.5269374282927717
3.5290754925104046
3.52973335843681
3.5303912243694686
3.5303912243694686
3.5290754925104046
3.527430827721749
3.5271018947687067
3.526444028867309
3.526444028867309
3.528253160111193
3.528088693632523
3.5295688919546224
3.5295688919546224
3.530226757885718
3.5287465595495475
3.526444028867309
3.5254572300269285
3.52578616297216
3.526279562392936
3.5266084953420727
3.5275952941988566
3.5294044254728254
3.5287465595495475
3.52973335843681
3.5290754925104046
3.5271018947687067
3.526279562392936
3.5267729618172265
3.525950629445361
3.528253160111193
3.5287465595495475
3.5292399589914196
3.5292399589914196
3.529897824919388
3.5275952941988566
3.5269374282927717
3.526444028867309
3.5266084953420727
3.5266084953420727
3.528417626590253
3.527924227154243
3.5294044254728254
3.5292399589914196
3.5295688919546224
3.5285820930697054
3.527266361245033
3.5261150959189536
3.5252927635548987
3.525950629445361
3.5267729618172265
3.527266361245033
3.528417626590253
3.5285820930697054
3.528253160111193
3.5285820930697054
3.526444028867309
3.525950629445361
3.525950629445361
3.5269374282927717
3.5269374282927717
3.527759760676355
3.528417626590253
3.5292399589914196
3.5287465595495475
3.528911026029781
3.526279562392936
3.5252927635548987
3.5249638306120095
3.526444028867309
3.526279562392936
3.528417626590253
3.5285820930697054
3.528417626590253
3.5292399589914196
3.527924227154243
3.5261150959189536
3.5249638306120095
3.5252927635548987
3.525128297083259
3.526279562392936
3.527924227154243
3.5285820930697054
3.5295688919546224
3.529897824919388
3.527266361245033
3.5269374282927717
3.5261150959189536
3.5249638306120095
3.526444028867309
3.5269374282927717
3.5275952941988566
3.528417626590253
3.5292399589914196
3.5290754925104046
3.5275952941988566
3.5269374282927717
3.525621696499349
3.525621696499349
3.525950629445361
3.5269374282927717
3.5271018947687067
3.5285820930697054
3.527266361245033
3.5285820930697054
3.527266361245033
3.5254572300269285
3.5246348976706825
3.5246348976706825
3.523812565324195
3.525128297083259
3.5267729618172265
3.527759760676355
3.527924227154243
3.528253160111193
3.52578616297216
3.525621696499349
3.523977031792712
3.523977031792712
3.5243059647309165
3.5252927635548987
3.5267729618172265
3.527430827721749
3.527759760676355
3.527924227154243
3.5266084953420727
3.525950629445361
3.525128297083259
3.524470431200604
3.525621696499349
3.5267729618172265
3.5266084953420727
3.527924227154243
3.5287465595495475
3.527430827721749
3.527430827721749
3.525950629445361
3.5246348976706825
3.524799364141151
3.5252927635548987
3.52578616297216
3.5266084953420727
3.527924227154243
3.527924227154243
3.528911026029781
3.5275952941988566
3.5252927635548987
3.5254572300269285
3.5252927635548987
3.5252927635548987
3.526279562392936
3.528417626590253
3.528911026029781
3.5285820930697054
3.5292399589914196
3.5275952941988566
3.5267729618172265
3.5254572300269285
3.526279562392936
3.52578616297216
3.5271018947687067
3.528253160111193
3.5292399589914196
3.5295688919546224
3.5292399589914196
3.5266084953420727
3.5266084953420727
3.5252927635548987
3.5252927635548987
3.525621696499349
3.528417626590253
3.525950629445361
3.52973335843681
3.5295688919546224
3.5290754925104046
3.528253160111193
3.528417626590253
3.526279562392936
3.5271018947687067
3.527430827721749
3.5292399589914196
3.5313780232801877
3.532693755183048
3.5335160876350504
3.53466735308429
3.534338420096836
3.5341739536036965
3.534502886590367
3.535654152056047
3.5359830850497653
3.538450082552589
3.5399302810966002
3.5412460131623793
3.542397278740524
3.54190387920468
3.5410815466527845
3.5417394126935164
3.5404236806183267
3.5400947476034506
3.5409170801435814
3.542397278740524
3.542890678279899
3.545522142549546
3.546508941676574
3.5468378747220584
3.5470023412453897
3.546015542111293
3.5471668077691136
3.551936337128061
3.559172865063131
3.5688763923557065
3.579895653830801
3.5894347174399757
3.6007829155442277
3.6134468490031812
3.6249595178420737
3.6351564547413133
3.6471625275897748
3.6594975361816755
3.6734772153407222
3.686305629388787
3.6997919135005453
3.713113733435954
3.7261066221427446
3.73811271146306
3.751599006205373
3.765414237860094
3.785150288183286
3.8116294985121577
3.8409046630296135
3.8713311123290977
3.905211392041638
3.941229767760653
3.9803730490982554
4.024614855086357
4.072310518432066
4.128065152225441
4.186122392996076
4.24631777998955
4.310460474650124
4.382004334941874
4.46802155729424
4.553381037519342
4.610122963288727
4.64071428747794
4.6589704087348505
4.673608204227075
4.687752594763139
4.701568049677585
4.708146839017981
4.712751992050742
4.71439668966122
4.71357434084948
4.715054568719975
4.714725629189557
4.713409871088693
4.712751992050742
4.712258582777739
4.711600703754348
4.712258582777739
4.711107294492263
4.711436233999799
4.7109428247392735
4.710449415483426
4.7106138852348565
4.711600703754348
4.710778354986806
4.710120475982127
4.709791536482906
4.708640248252003
4.708804717997715
4.709791536482906
4.708640248252003
4.708475778506809
4.708146839017981
4.707488960046557
4.706995550823443
4.706008732391237
4.705515323182145
4.704199565314074
4.703541686392497
4.702719337752203
4.701568049677585
4.700252291909146
4.6992654736046
4.697949715894242
4.6972918370515035
4.696469488509743
4.695976079390906
4.695647139980939
4.694989261167222
4.695153730869873
4.69383797326316
4.695153730869873
4.694002442962186
4.6931800944722335
4.692522215689594
4.691370927839906
4.6905485793913755
4.6907130490800455
4.689890700641866
4.688574943167686
4.687259185726617
4.686436837342759
4.684298731605225
4.682982974271702
4.679858050737113
4.677391005973073
4.674759491686097
4.671634568641824
4.6681807065462415
4.664562375070712
4.659792756688128
4.655187608315289
4.649595642975397
4.641207696077484
4.626076501119374
4.60617569693601
4.579531656701719
4.549433775352019
4.516704404333828
4.481508017328875
4.441706522865257
4.399602493862059
4.355689341278481
4.310953880272961
4.264738238798804
4.2170424200506655
4.172800471491977
4.129874300509067
4.0884283718225385
4.049778424505693
4.012937646675411
3.9769192291575055
3.9433678455134737
3.911461154374503
3.8807057510071163
3.8506082317620995
3.8238000708966444
3.7989655269957936
3.7802162750383443
3.7629472319921673
3.747487330683741
3.7335076358471047
3.719856877887166
3.7050548543880426
3.6922264367092024
3.6770954857188314
3.664596007064761
3.652754397869585
3.6415706577766707
3.6302224528229794
3.6208478501741985
3.6099930487340384
3.598480382442244
3.58861238431761
3.577428654838694
3.5680540594810037
3.5601596643860893
3.5548967348275533
3.5497982722021346
3.5471668077691136
3.545028742991333
3.543548544337891
3.542397278740524
3.5404236806183267
3.537792216543217
3.5379566830449725
3.5364764845432797
3.5363120180450496
3.5371343505401143
3.5371343505401143
3.538450082552589
3.538285616049658
3.538121149547119
3.5368054175409136
3.5354896855597753
3.534338420096836
3.5341739536036965
3.534502886590367
3.534338420096836
3.5364764845432797
3.536969884040318
3.536969884040318
3.5371343505401143
3.53466735308429
3.533187154653076
3.5325292886938215
3.5325292886938215
3.533022688162675
3.534338420096836
3.5341739536036965
3.53466735308429
3.534831819578604
3.534502886590367
3.533022688162675
3.5325292886938215
3.531049090308384
3.5307201573381444
3.531049090308384
3.53121355679409
3.5320358892284887
3.532200355716542
3.5320358892284887
3.5315424897666765
3.5307201573381444
3.528911026029781
3.5287465595495475
3.5269374282927717
3.528417626590253
3.528253160111193
3.5292399589914196
3.5303912243694686
3.5307201573381444
3.5290754925104046
3.528911026029781
3.5271018947687067
3.52578616297216
3.5261150959189536
3.5267729618172265
3.526279562392936
3.528253160111193
3.5294044254728254
3.5294044254728254
3.5295688919546224
3.528417626590253
3.5254572300269285
3.525950629445361
3.52578616297216
3.5252927635548987
3.5266084953420727
3.528253160111193
3.5285820930697054
3.5294044254728254
3.528253160111193
3.5269374282927717
3.5254572300269285
3.5249638306120095
3.5236480988560683
3.5252927635548987
3.526444028867309
3.527430827721749
3.5294044254728254
3.5285820930697054
3.5287465595495475
3.527430827721749
3.52578616297216
3.52578616297216
3.5254572300269285
3.525621696499349
3.526279562392936
3.527430827721749
3.528417626590253
3.528417626590253
3.528417626590253
3.5267729618172265
3.5261150959189536
3.524799364141151
3.524141498261619
3.5249638306120095
3.5254572300269285
3.5275952941988566
3.528088693632523
3.528253160111193
3.527266361245033
3.5267729618172265
3.524799364141151
3.523977031792712
3.5236480988560683
3.523977031792712
3.5249638306120095
3.5271018947687067
3.52578616297216
3.527759760676355
3.5275952941988566
3.5254572300269285
3.524141498261619
3.5233191659209857
3.524141498261619
3.524799364141151
3.5254572300269285
3.525950629445361
3.527759760676355
3.527924227154243
3.5269374282927717
3.526279562392936
3.524799364141151
3.523977031792712
3.524141498261619
3.523812565324195
3.5252927635548987
3.526279562392936
3.5271018947687067
3.527924227154243
3.5275952941988566
3.526444028867309
3.524799364141151
3.523977031792712
3.5234836323883316
3.5252927635548987
3.5254572300269285
3.525950629445361
3.5275952941988566
3.527430827721749
3.5269374282927717
3.5261150959189536
3.523977031792712
3.52315469945403
3.523812565324195
3.523977031792712
3.52578616297216
3.5267729618172265
3.527430827721749
3.527924227154243
3.527924227154243
3.5266084953420727
3.5246348976706825
3.524141498261619
3.5234836323883316
3.524470431200604
3.5249638306120095
3.525950629445361
3.5271018947687067
3.5266084953420727
3.526279562392936
3.5261150959189536
3.5243059647309165
3.522332367125103
3.523977031792712
3.5234836323883316
3.5252927635548987
3.52578616297216
3.5261150959189536
3.5267729618172265
3.5267729618172265
3.5249638306120095
3.5246348976706825
3.5234836323883316
3.523977031792712
3.524799364141151
3.525950629445361
3.5252927635548987
3.5269374282927717
3.5275952941988566
3.5267729618172265
3.5252927635548987
3.5234836323883316
3.5229902329874645
3.5233191659209857
3.524141498261619
3.5246348976706825
3.525950629445361
3.526279562392936
3.5267729618172265
3.5266084953420727
3.525621696499349
3.523812565324195
3.5234836323883316
3.522332367125103
3.524141498261619
3.5249638306120095
3.52578616297216
3.526444028867309
3.527924227154243
3.526279562392936
3.526279562392936
3.5243059647309165
3.5236480988560683
3.523977031792712
3.523977031792712
3.524141498261619
3.5267729618172265
3.5269374282927717
3.527430827721749
3.527759760676355
3.525621696499349
3.5249638306120095
3.52315469945403
3.522332367125103
3.5234836323883316
3.5236480988560683
3.52578616297216
3.5266084953420727
3.5271018947687067
3.5261150959189536
3.52578616297216
3.52315469945403
3.5233191659209857
3.523977031792712
3.523812565324195
3.5254572300269285
3.5266084953420727
3.5271018947687067
3.5287465595495475
3.527430827721749
3.526279562392936
3.525950629445361
3.5254572300269285
3.525128297083259
3.5266084953420727
3.5271018947687067
3.527924227154243
3.5305556908536113
3.5300622914023574
3.52973335843681
3.528911026029781
3.528088693632523
3.527266361245033
3.527266361245033
3.527924227154243
3.5303912243694686
3.531871422740827
3.532858221672666
3.5340094871109478
3.5341739536036965
3.5341739536036965
3.5349962860733095
3.534831819578604
3.5354896855597753
3.537298817040303
3.537298817040303
3.5399302810966002
3.540259214110693
3.5410815466527845
3.5420683457162356
3.5405881471263534
3.5399302810966002
3.5394368815784025
3.5397658145901425
3.5405881471263534
3.542397278740524
3.5425617452532565
3.543877477369242
3.5451932095103444
3.5453576760297487
3.5451932095103444
3.5453576760297487
3.546508941676574
3.5512784709899288
3.5576926661052966
3.566573860331428
3.575783988893474
3.5849941186971805
3.5940397831088973
3.60308544872435
3.611802182186359
3.621834650391629
3.631538186632483
3.643708725591323
3.656866067491133
3.6690366110547137
3.6823584248023193
3.695680241223963
3.7078507919052712
3.7208436795721864
3.7321919000163417
3.7440335234458675
3.757848753495246
3.7759401306172267
3.7994589284367386
3.829556423506542
3.861134138504399
3.894027608370259
3.9277434328618144
3.962610548609707
3.9973132163830485
4.035634194657615
4.072639454172276
4.113098563994067
4.1584917443568665
4.20520070562255
4.256350350574012
4.310460474650124
4.36851789914649
4.434798828410995
4.503875812042504
4.561933439875351
4.602392900289429
4.6305171774519405
4.651075869037028
4.669003054643626
4.685450019299195
4.69827865531872
4.706831081083443
4.7109428247392735
4.712423052534887
4.712587522292554
4.711765173509416
4.711107294492263
4.711107294492263
4.710120475982127
4.709791536482906
4.708969187743949
4.707653429788634
4.708475778506809
4.7091336574907015
4.707982369274346
4.707653429788634
4.707160020563961
4.706831081083443
4.707817899531229
4.706337671866562
4.706831081083443
4.706337671866562
4.704199565314074
4.705186383712012
4.704364035045766
4.703706156122114
4.702883807479225
4.701896989124881
4.701568049677585
4.701896989124881
4.700087822190425
4.69910100388899
4.698607594745273
4.696962897633244
4.695811609685663
4.695647139980939
4.694824791465087
4.694002442962186
4.694002442962186
4.692851155079878
4.693673503564651
4.69383797326316
4.693015624775796
4.692357745995228
4.691535397531166
4.690877518769234
4.691699867222943
4.689890700641866
4.689726230955782
4.688903882533126
4.689561761270216
4.687917064443014
4.6875881250837805
4.686272367667539
4.684956610284392
4.684463201274242
4.682325095617343
4.682325095617343
4.681173807992106
4.679529111428529
4.67854229351517
4.676568657744203
4.673937143498502
4.67327926495771
4.66998987237749
4.666207071165057
4.663411087835298
4.659134878324477
4.656503364952129
4.651898216867008
4.646635190976807
4.6359446712532435
4.618675374725321
4.595320715975127
4.5703213742778015
4.540552436532734
4.5086454165150505
4.475916070082088
4.441213116089851
4.407168059218318
4.37312302319921
4.3392424764969455
4.304046201942981
4.266876328150031
4.22904860520056
4.191714311568161
4.15454450989769
4.120006219632291
4.084316674117389
4.047311407433671
4.010964034207343
3.976096891104962
3.941229767760653
3.9085007405600813
3.8785676753965137
3.8473188862631273
3.8205107267808303
3.796334052707956
3.776269064793436
3.759657890980646
3.746336061584139
3.7321919000163417
3.7191990101053856
3.7055482551177636
3.6928843042219244
3.681042689992344
3.6711746797480362
3.6616356045690934
3.653905665338133
3.6456823267115035
3.636801122127884
3.6280843854373876
3.617887449608476
3.6073615819806215
3.598151449148336
3.58861238431761
3.580224587036486
3.573974856399463
3.5664093937612282
3.5608175306092793
3.5563769337251228
3.5512784709899288
3.546508941676574
3.5433840778228047
3.5397658145901425
3.537298817040303
3.5368054175409136
3.5368054175409136
3.537627750041854
3.5389434820637318
3.538450082552589
3.5379566830449725
3.538285616049658
3.5358186185527107
3.534502886590367
3.5338450206185907
3.53466735308429
3.534502886590367
3.535654152056047
3.5364764845432797
3.537463283540882
3.537298817040303
3.5354896855597753
3.535160752568407
3.5338450206185907
3.532858221672666
3.532200355716542
3.533680554126625
3.533187154653076
3.5358186185527107
3.5353252190638953
3.5354896855597753
3.5354896855597753
3.5338450206185907
3.53121355679409
3.531871422740827
3.531049090308384
3.5313780232801877
3.533187154653076
3.5338450206185907
3.533680554126625
3.534502886590367
3.533187154653076
3.53121355679409
3.531049090308384
3.5294044254728254
3.530226757885718
3.5317069562535557
3.53121355679409
3.532364822204986
3.532693755183048
3.531871422740827
3.531871422740827
3.530226757885718
3.5292399589914196
3.5271018947687067
3.528417626590253
3.527430827721749
3.5294044254728254
3.530226757885718
3.5305556908536113
3.5305556908536113
3.52973335843681
3.528088693632523
3.5269374282927717
3.525621696499349
3.525621696499349
3.5261150959189536
3.5261150959189536
3.5275952941988566
3.528911026029781
3.528088693632523
3.527759760676355
3.5275952941988566
3.5249638306120095
3.5246348976706825
3.524470431200604
3.5246348976706825
3.52578616297216
3.5275952941988566
3.5275952941988566
3.5285820930697054
3.527430827721749
3.5252927635548987
3.525128297083259
3.5236480988560683
3.5236480988560683
3.5252927635548987
3.525621696499349
3.527266361245033
3.528088693632523
3.527759760676355
3.5275952941988566
3.5254572300269285
3.524141498261619
3.5234836323883316
3.524799364141151
3.524470431200604
3.525621696499349
3.526444028867309
3.5269374282927717
3.5275952941988566
3.5269374282927717
3.5252927635548987
3.523977031792712
3.5234836323883316
3.5229902329874645
3.5249638306120095
3.5254572300269285
3.5266084953420727
3.5271018947687067
3.5269374282927717
3.5266084953420727
3.525950629445361
3.523977031792712
3.523977031792712
3.523977031792712
3.5246348976706825
3.52578616297216
3.525621696499349
3.526279562392936
3.527430827721749
3.5267729618172265
3.5246348976706825
3.5246348976706825
3.5228257665212888
3.522332367125103
3.5236480988560683
3.5252927635548987
3.5266084953420727
3.5269374282927717
3.5261150959189536
3.526444028867309
3.5252927635548987
3.5234836323883316
3.523812565324195
3.523812565324195
